attribute name,data type,value
Subject ID,id,3
Condition,category,stressed
Age,number,23
Hours Slept,number,7.0
Cort Delta,number,0.30324000
Experiment Day,category,day1
Scanned Timing,category,post
ROI-ROI Matrix,matrix,
0,0.606663,0.402629,0.270574,0.985373,0.203125,0.687263,0.315565,0.236739,0.233709,0.490302,0.0426535,0.419786,0.378738,0.317224,0.118101,0.347688,0.250976,0.266394,0.147092,0.167845,0.191451,0.712043,0.39273,0.594283,0.383609,0,0.34916,0.578396,0.602372,0.207194,0.204037,0.159144,0.363413,0.147861,-0.0779804,0.277766,0.144764,0.70995,0.572824,0.709893,0.454092,0.0781448,0.0791101,0.0996915,0.317811,-0.41704,-0.345321,0.359493,0.282099,0.136697,0.476703,0.758685,0.431682,0.553503,0.191728,-0.0178904,-0.161106,-0.0921707,0.616142,0.426928,-0.0627611,0.0252406,0.0309803,-0.0239788,-0.17091,-0.185591,0,-0.0813966,-0.121142,-0.0479694,-0.00278115,-0.109833,-0.210578,-0.12631,0.4337,0.220352,0.244918,0.225005,0.08929,0.0348241,0.242774,0.138623,-0.00433633,-0.0085638,0.0757564,0.179574,-0.325182,-0.29322,-0.0729864,-0.137196,-0.0616957,-0.159318,0.244189,0.044976,0.309066,0.214566,0.275391,0.100725,0.0794297,0.0571409,0.0774567,0.062029,0.162383,0.180851,0.101896,0.243493,0.471309,0.233102,0,-0.00431359,0.0252615,0.00475758,0.0686123,0.0152185,-0.0685225,0,0,0,0,0,0,0,0,0.144315,-0.0232493,0.0934863,0.163305,0.0309223,-0.141736,0,0.103561,0.242148,-0.0240642,0.131782,0.250089
0.606663,0,0.317211,0.325636,0.410362,0.788751,0.285016,0.868175,0.192059,0.484687,0.285198,0.403177,0.274871,0.244921,0.349358,0.269698,0.232773,0.202371,0.289082,0.238949,0.219654,0.363772,0.408799,0.519072,0.300054,0.460602,0,0.290572,0.161442,0.358755,0.0666917,0.230548,0.0792026,0.00682052,0.0226803,0.0221898,0.111319,0.0891934,0.18971,0.449675,0.177282,0.549738,-0.13495,0.189901,0.158519,0.173157,-0.263235,-0.171804,0.513331,0.264522,0.361092,0.431052,0.512191,0.81734,0.507547,-0.00110987,-0.116037,-0.225603,-0.130806,0.543979,0.801752,-0.0175748,0.0307442,-0.0394572,0.0262404,-0.139947,-0.137217,0,-0.00691871,0.0298805,-0.0343716,-0.00201686,-0.0607076,-0.0273564,-0.0513198,0.40879,0.617783,0.322057,0.202048,0.221242,0.0366829,0.201986,0.136591,0.0505904,0.0249802,0.226956,0.151555,-0.255612,-0.248296,0.0353296,-0.0178117,-0.0288508,0.0774444,0.260938,0.223991,0.305119,0.286365,0.189145,0.290975,0.199685,0.143886,0.073128,0.203467,0.258327,0.288157,0.161678,0.234482,0.387074,0.181664,0,0.0777967,0.0467879,0.00026237,0.131277,0.0805606,0.165203,0,0,0,0,0,0,0,0,0.174632,0.18177,0.180293,0.278466,0.107682,-0.115759,0,0.298616,0.356191,0.0139259,0.160624,-0.269041
0.402629,0.317211,0,1.20285,0.270608,0.0700981,0.553936,-0.00438131,0.397921,0.26443,0.385232,0.148655,0.552498,0.393021,0.38634,0.151313,0.424721,0.13869,0.177638,0.1243,-0.26548,-0.155547,0.0868503,-0.0114367,0.316081,0.0219062,0,0.140949,0.317057,0.381189,0.209978,0.245834,0.52371,0.398261,0.268268,0.246751,0.728822,0.392302,0.514499,0.358332,0.0411424,-0.160095,-0.128657,-0.170717,-0.0102554,0.107353,-0.311502,-0.241804,-0.0691101,0.525545,0.332967,0.0590883,0.162264,0.188333,0.420742,-0.106674,-0.0943453,-0.238008,-0.270788,0.328737,0.370138,-0.151476,-0.0466557,-0.18335,-0.212623,-0.272325,-0.252475,0,0.0552602,-0.0586036,-0.00262459,-0.18785,-0.0944756,-0.314191,-0.0943739,0.557229,0.277816,0.681525,0.589426,0.600657,0.63084,0.796447,0.766499,0.5976,0.41719,0.574853,0.606316,-0.32145,-0.3869,-0.267146,-0.242532,-0.247576,-0.266368,-0.107953,-0.168917,0.264432,0.126326,0.329216,0.256216,-0.131155,-0.123513,0.118036,0.0423741,0.193713,0.196516,0.121253,0.117709,0.213947,0.185621,0,0.114733,0.116179,-0.00546859,0.0426404,-0.147829,-0.220528,0,0,0,0,0,0,0,0,0.316682,0.0724454,0.0465479,0.0919174,0.114211,0.097255,0,0.0614518,-0.0648722,-0.294031,-0.401138,-0.0742864
0.270574,0.325636,1.20285,0,0.195835,0.143616,0.426204,0.0590705,0.357151,0.288095,0.236068,0.211007,0.498312,0.410811,0.559529,0.384668,0.467868,0.206616,0.181549,0.189655,-0.1097,-0.0436915,0.0727034,0.047801,0.218806,0.0709974,0,0.130447,0.17756,0.251295,0.0576417,0.182764,0.476213,0.31174,0.111398,0.165201,0.43879,0.279617,0.245675,0.238537,-0.0572421,-0.12985,-0.0979699,-0.0525995,0.00985329,0.131564,-0.16853,-0.0572313,0.0320103,0.485048,0.348694,0.143129,0.145597,0.201097,0.507585,-0.118687,0.0257568,-0.226074,-0.215001,0.408435,0.483633,0.0506899,0.0941618,-0.045207,0.0317991,-0.0841222,-0.0789471,0,0.0250408,-0.00046401,0.116149,-0.112153,0.0742418,-0.163439,0.0448056,0.510627,0.453845,0.679398,0.704251,0.508824,0.531102,0.679549,0.909605,0.671896,0.705239,0.554807,0.583957,-0.218763,-0.32302,-0.0903634,-0.165499,-0.0595026,-0.0391629,-0.114258,-0.155298,0.265352,0.188179,0.223503,0.311756,-0.0187177,0.070173,0.244453,0.20555,0.221229,0.209887,0.29179,0.273355,0.318507,0.316024,0,0.329561,0.129909,0.241543,0.230202,0.0661335,-0.0351993,0,0,0,0,0,0,0,0,0.46146,0.338818,0.285515,0.247839,0.292147,0.117854,0,0.110714,-0.00468556,-0.158298,-0.33092,-0.0489123
0.985373,0.410362,0.270608,0.195835,0,0.492374,0.611443,0.362127,0.107597,0.159029,0.550716,0.0781133,0.509341,0.377638,0.351383,0.254227,0.221724,0.191793,0.053014,0.0621116,0.148111,0.220461,0.509497,0.356671,0.28565,0.301745,0,0.311656,0.4127,0.499259,0.130896,0.116295,0.207776,0.255076,0.195412,-0.0212358,0.225846,0.105965,0.379089,0.26336,0.508243,0.32038,0.198955,0.108538,0.0407359,0.147429,-0.255933,-0.212149,0.438956,0.462405,0.285354,0.459803,0.711383,0.464703,0.442697,0.267077,0.139749,-0.176474,-0.0558292,0.51389,0.410267,-0.0592043,0.0785376,0.0398391,0.0816672,-0.0841665,-0.113933,0,-0.00752609,-0.105558,0.0112432,-0.0485851,-0.0855291,-0.241727,-0.124314,0.381149,0.294493,0.196152,0.198208,0.112011,0.00535577,0.1996,0.107593,0.120226,0.132739,0.0283964,0.102898,-0.200567,-0.203682,-0.100378,-0.197489,0.0256487,-0.0322385,0.382704,0.193571,0.336566,0.325937,0.204208,0.100605,-0.0182004,0.0559484,0.0144121,-0.0265881,0.208996,0.207619,0.308454,0.164097,0.406297,0.377155,0,0.147256,0.108796,0.159958,0.214365,0.160096,0.0484222,0,0,0,0,0,0,0,0,0.193351,0.0987621,0.206661,0.364727,0.153947,-0.128038,0,0.0861231,0.226828,0.0788239,0.0795342,0.24091
0.203125,0.788751,0.0700981,0.143616,0.492374,0,0.125412,0.791969,0.24703,0.389558,0.383577,0.602487,0.116482,0.15756,0.356616,0.467512,0.0250549,0.0731003,0.108963,0.0799677,0.270812,0.414988,0.295038,0.590289,0.126127,0.410987,0,0.302403,-0.0711747,0.16589,0.0413535,0.113591,-0.00345826,-0.22413,0.00859805,-0.100907,-0.0454761,-0.104532,-0.0282587,0.137217,0.0210425,0.484494,0.00451544,0.205814,0.289469,0.188906,0.0873781,0.185225,0.486873,0.321406,0.613312,0.435123,0.456538,0.935361,0.415349,0.0620796,-0.00346343,-0.0965533,0.0799668,0.652268,0.905533,0.073805,0.131438,0.11942,0.160134,0.149467,0.164296,0,-0.0586962,0.128426,0.0988528,0.20312,0.0779852,0.200154,0.127425,0.43126,0.799346,0.0937257,-0.0395724,0.129039,0.0123865,-0.013063,0.0180912,0.113025,0.109071,0.0592886,-0.0140716,0.0125952,-0.00815274,0.219142,0.123285,0.0995809,0.243813,0.366742,0.436114,0.295041,0.329358,0.160309,0.324464,0.246902,0.222228,0.0220117,0.0520537,0.269642,0.318281,0.374045,0.284525,0.427666,0.280602,0,0.26822,0.158717,0.263884,0.463945,0.366557,0.51542,0,0,0,0,0,0,0,0,0.266736,0.325628,0.414607,0.623484,0.386082,-0.0717093,0,0.197341,0.258688,0.0193459,0.133578,-0.331463
0.687263,0.285016,0.553936,0.426204,0.611443,0.125412,0,0.234532,0.66382,0.476445,0.719001,0.393358,0.559483,0.410874,0.265951,0.0855356,0.161912,0.04625,0.261002,0.177738,-0.143623,-0.119628,0.256211,0.032885,0.40253,0.0853394,0,0.0497569,0.242955,0.336313,0.181262,0.203301,0.139544,0.155935,0.227091,0.17858,0.425909,0.419361,0.725138,0.530978,0.353695,0.0312228,0.0948058,0.00184517,0.0375967,0.25532,-0.416616,-0.425884,-0.0364816,0.456531,0.37324,0.0474598,0.321764,0.159121,0.200753,-0.23092,-0.162677,-0.396829,-0.349702,0.48324,0.378002,-0.165066,-0.0204434,-0.114504,-0.14976,-0.235378,-0.295781,0,-0.0273831,-0.114116,0.016082,-0.0303204,-0.0295706,-0.27889,-0.0943103,0.848174,0.420544,0.1301,0.146097,0.174778,0.231241,0.108942,0.0123167,0.0129865,0.0956321,0.117969,0.193286,-0.445782,-0.511579,-0.217123,-0.179402,-0.208599,-0.274074,0.0445154,-0.0516443,0.240392,0.183468,0.191527,0.10198,-0.196478,-0.216848,0.0329703,-0.00759773,-0.0981284,-0.066567,0.0577563,0.156961,0.266291,0.239624,0,0.0506451,0.0567316,-0.047198,-0.0236698,-0.0565072,-0.17243,0,0,0,0,0,0,0,0,0.134907,0.0575821,0.0258215,0.0846287,0.0911606,-0.124941,0,0.0518812,-0.109358,-0.239612,-0.292372,0.183704
0.315565,0.868175,-0.00438131,0.0590705,0.362127,0.791969,0.234532,0,0.177709,0.624627,0.477729,0.672362,0.211419,0.227663,0.223717,0.263968,-0.00080155,0.0978106,0.193272,0.280634,0.11667,0.404385,0.424906,0.685742,0.399337,0.887822,0,0.378168,0.141441,0.448339,0.208406,0.509267,-0.0790166,-0.200781,0.0827994,0.0431212,-0.0673113,0.0672781,0.119628,0.536219,0.216232,0.770471,-0.0832589,0.317283,0.147432,0.212778,-0.0922168,-0.0102358,0.354593,0.154533,0.336516,0.302496,0.1554,0.380319,0.0691239,-0.119674,-0.197537,-0.210391,-0.0878279,0.409359,0.712245,0.0545894,0.0941795,-0.116164,0.0181934,-0.00976798,0.0100806,0,-0.00709365,-0.0701482,0.017597,-0.029297,-0.0370366,0.0509137,0.0299962,0.337,0.703113,0.0478477,-0.0706626,-0.0692976,-0.114279,-0.0592994,-0.112376,-0.0931149,-0.0829673,0.00261928,-0.0773264,-0.15175,-0.163219,0.123047,0.0497257,0.050652,0.195019,0.155751,0.220147,0.112886,0.16461,0.0241931,0.157895,0.126121,0.13123,0.0228027,0.0503834,0.158982,0.105298,0.248068,0.347316,0.419837,0.321672,0,0.167373,0.150974,0.0906095,0.131072,0.222931,0.28142,0,0,0,0,0,0,0,0,0.164385,0.217641,0.208006,0.426266,0.230301,-0.139394,0,0.300455,-0.107862,-0.0487398,0.0568765,-0.336039
0.236739,0.192059,0.397921,0.357151,0.107597,0.24703,0.66382,0.177709,0,0.799888,0.840091,0.742891,0.27254,0.213179,0.173165,0.106295,-0.0381209,-0.0991212,0.18979,0.0529235,-0.188965,-0.128846,-0.0126611,-0.0246569,0.447071,0.110037,0,0.0725972,0.0577426,0.125765,0.19844,0.219154,0.0431922,-0.0641868,0.132302,0.111579,0.36596,0.318664,0.485209,0.516767,0.0375275,0.0201887,-0.0400947,-0.0383991,0.166813,0.32202,-0.246992,-0.124838,0.00638242,0.358456,0.438393,0.00023363,0.0725559,0.15941,0.116375,-0.383984,-0.362482,-0.273901,-0.207524,0.560641,0.542558,-0.0603163,0.00708092,-0.118643,-0.145376,-0.173232,-0.123442,0,0.0304808,-0.00704705,0.0517116,0.0977649,0.0617902,-0.0669384,0.0413256,0.751499,0.602078,0.0106091,0.049333,0.272611,0.42451,-0.0226421,0.0113828,-0.0258772,0.052714,0.148029,0.174759,-0.286189,-0.280175,-0.08262,-0.0475891,-0.221131,-0.165585,0.0215276,0.154204,0.201573,0.199548,0.152709,0.242889,-0.0376399,-0.0626547,0.139413,0.161555,0.0330505,0.173768,-0.0380151,0.122639,0.140245,0.219225,0,0.0920363,0.0446228,-0.0954647,-0.0339405,-0.0742706,-0.116133,0,0,0,0,0,0,0,0,0.0998376,0.177617,0.0406336,0.0638428,0.172331,-0.0143937,0,0.0480464,-0.177272,-0.481507,-0.373753,-0.128893
0.233709,0.484687,0.26443,0.288095,0.159029,0.389558,0.476445,0.624627,0.799888,0,0.717341,1.0133,0.31718,0.258477,0.151494,0.0989771,-0.138913,-0.157875,-0.0280373,0.0939672,-0.258235,-0.0172752,-0.0258249,0.131883,0.367189,0.467999,0,0.359729,0.247939,0.395094,0.404678,0.579728,0.150634,-0.0888738,0.300041,0.44251,0.391406,0.581169,0.221459,0.606406,-0.116662,0.116931,0.0391109,0.233636,0.0499152,0.223787,-0.190405,-0.0592741,0.158063,0.347965,0.421437,0.0168099,-0.0818566,0.165277,0.065914,-0.442497,-0.443148,-0.267606,-0.185689,0.37502,0.698168,-0.0563393,-0.00095844,-0.210228,-0.228264,-0.103799,-0.0665166,0,0.0376319,0.0072662,0.0464027,-0.0301617,0.0253575,-0.0699018,0.0645805,0.439326,0.731804,0.0305703,0.0101318,0.148285,0.1729,-0.0566178,0.0142035,-0.0624351,-0.0186348,0.075633,-0.0089503,-0.234465,-0.252741,0.0108545,0.0305952,-0.112933,0.0425589,0.0344773,0.166532,0.177502,0.247453,0.101327,0.275131,-0.0636074,-0.0750743,0.0975124,0.105209,-0.0891115,-0.0238043,0.0226444,0.23973,0.250835,0.243466,0,0.0496211,0.101347,-0.0347644,-0.0862496,0.0380168,-0.0237471,0,0,0,0,0,0,0,0,0.0401584,0.102797,-0.0350936,0.165851,0.15981,-0.00187387,0,0.197567,-0.309046,-0.543635,-0.424072,-0.333459
0.490302,0.285198,0.385232,0.236068,0.550716,0.383577,0.719001,0.477729,0.840091,0.717341,0,0.694364,0.408863,0.455216,0.168131,0.1235,-0.101675,-0.123226,-0.0186775,0.017786,-0.243374,-0.00630565,0.210839,0.188505,0.562252,0.392917,0,0.281241,0.357504,0.485106,0.605639,0.524401,0.155383,0.0831236,0.54383,0.262452,0.555717,0.437937,0.624277,0.633184,0.249887,0.185325,0.223928,0.113831,0.241458,0.425768,-0.324321,-0.214606,0.0605649,0.452145,0.451337,0.0860844,0.138967,0.231985,0.112617,-0.285994,-0.395566,-0.353142,-0.274184,0.587467,0.608796,-0.114098,-0.0125805,-0.241905,-0.245667,-0.293415,-0.225385,0,0.0190807,-0.106156,-0.0396175,0.0760532,-0.0596947,-0.177993,-0.0376991,0.668702,0.632921,0.0345299,0.0845793,0.193534,0.334756,-0.0252183,-0.0855851,-0.00617025,-0.00412354,0.015316,0.0665073,-0.3597,-0.32978,-0.153577,-0.138824,-0.226671,-0.170549,0.154917,0.228054,0.122191,0.138417,0.130971,0.100644,-0.142532,-0.118464,-0.0752765,-0.0909343,0.0878062,0.153628,0.106778,0.211318,0.314656,0.344264,0,0.111276,0.0826749,-0.125284,-0.00578982,-0.00558626,-0.0688143,0,0,0,0,0,0,0,0,0.0923798,0.0637914,-0.0148097,0.245082,0.196797,0.00132833,0,0.112933,-0.311457,-0.573259,-0.39559,-0.0503328
0.0426535,0.403177,0.148655,0.211007,0.0781133,0.602487,0.393358,0.672362,0.742891,1.0133,0.694364,0,0.144072,0.242261,0.275657,0.347484,-0.0631238,0.0177541,0.22474,0.314252,-0.0314696,0.142473,0.0899804,0.333499,0.323241,0.455503,0,0.238876,-0.148905,0.0607921,0.211203,0.322978,-0.0989374,-0.286547,0.168301,0.160183,0.114302,0.167096,0.106912,0.39933,-0.126614,0.259144,-0.0510938,0.120848,0.21657,0.221033,-0.114954,-0.0282908,0.110492,0.333214,0.730305,0.0435983,-0.0176714,0.252198,-0.00179351,-0.549501,-0.422941,-0.348505,-0.234962,0.46358,0.803789,0.0938764,0.107654,-0.120832,-0.123886,-0.037574,0.0181107,0,0.0717577,0.00213863,0.0467361,0.15369,0.119437,0.0953132,0.14458,0.611531,0.982411,-0.0695295,-0.103281,0.0684264,0.244458,-0.158534,-0.118327,-0.0887072,-0.00341563,-0.00591372,-0.00298055,-0.274783,-0.318439,0.0336754,0.0864232,-0.138524,0.0412356,0.104412,0.253927,0.144159,0.221166,0.0509956,0.271479,0.103576,0.0355206,0.127582,0.146804,-0.011774,0.0569685,0.114562,0.193214,0.203481,0.242842,0,0.221072,0.15582,0.0639875,0.172089,0.193129,0.197211,0,0,0,0,0,0,0,0,0.157822,0.238321,0.112159,0.317172,0.242539,-0.02594,0,0.134063,-0.32526,-0.341807,-0.327201,-0.436673
0.419786,0.274871,0.552498,0.498312,0.509341,0.116482,0.559483,0.211419,0.27254,0.31718,0.408863,0.144072,0,0.70725,0.349324,0.15063,0.175433,-0.10249,-0.074097,0.00682654,-0.279531,-0.184684,0.0551976,-0.0679894,0.162374,0.0983221,0,0.159178,0.41035,0.443789,0.192164,0.250333,0.61102,0.507217,0.315668,0.329766,0.356479,0.287104,0.241544,0.216927,0.0802646,-0.0656648,-0.103993,-0.145751,-0.215687,-0.035784,-0.336744,-0.232488,0.0341355,0.754986,0.417763,0.0406118,0.142314,0.0920177,0.275115,-0.0502761,-0.0405004,-0.294494,-0.246126,0.201705,0.151259,-0.0736348,0.0488484,-0.344772,-0.231453,-0.304676,-0.273502,0,0.265733,-0.196649,-0.168885,-0.407459,-0.239524,-0.376806,-0.104098,0.402849,0.325345,0.590361,0.540706,0.442844,0.152694,0.402676,0.368736,0.349383,0.32164,0.448253,0.307173,-0.268799,-0.291104,-0.250834,-0.223034,0.0968998,0.0584669,0.096631,0.0693625,0.11995,0.0841275,0.0843838,-0.050587,-0.377161,-0.209584,0.177491,0.0668016,0.0999085,0.112692,0.146591,0.11377,0.139506,0.49589,0,0.161851,0.0594869,0.061626,-0.0741059,0.0425711,-0.188959,0,0,0,0,0,0,0,0,0.164495,0.11076,-0.014341,0.175182,0.149559,-0.186717,0,-0.0897363,-0.0245339,-0.119102,-0.349829,-0.0517254
0.378738,0.244921,0.393021,0.410811,0.377638,0.15756,0.410874,0.227663,0.213179,0.258477,0.455216,0.242261,0.70725,0,0.368253,0.208155,0.196187,-0.0638899,0.0716409,0.0349185,-0.217003,-0.134583,0.143037,0.050818,0.223019,0.155571,0,0.24598,0.221589,0.387043,0.227603,0.362626,0.247242,0.731432,0.171362,0.249456,0.19628,0.201983,0.1821,0.182579,0.15094,0.00601403,0.00387773,-0.0425847,-0.0572361,0.219418,-0.246596,-0.164796,0.0993197,0.656194,0.609839,0.113551,0.149377,0.136828,0.253318,-0.137438,-0.0973737,-0.246111,-0.225633,0.275064,0.215194,0.0101006,-0.0674846,-0.190241,-0.248459,-0.247916,-0.192446,0,0.1878,-0.240067,-0.147155,-0.15684,-0.171642,-0.27097,-0.0941651,0.348895,0.24767,0.335951,0.476591,0.116555,0.125564,0.305662,0.341933,0.098731,0.135855,0.211343,0.249611,-0.263535,-0.327969,-0.114108,-0.161307,-0.0762705,-0.0340104,-0.00182749,0.0128958,-0.150985,-0.109672,-0.0525148,-0.128994,-0.156508,-0.0783708,0.116781,-0.0404154,0.093007,0.043366,-0.0188174,0.163809,0.270272,0.40142,0,0.055805,0.0155576,-0.1167,0.042147,-0.0683688,-0.120287,0,0,0,0,0,0,0,0,0.0967571,-0.0352734,0.0157385,0.22568,0.0971441,-0.119133,0,-0.0671295,-0.124864,-0.126005,-0.338294,0.00237764
0.317224,0.349358,0.38634,0.559529,0.351383,0.356616,0.265951,0.223717,0.173165,0.151494,0.168131,0.275657,0.349324,0.368253,0,1.29264,0.915872,0.603907,0.393743,0.494273,0.513572,0.319787,0.36165,0.39267,0.238121,0.221789,0,0.405254,0.163851,0.275577,0.0845678,0.103342,0.412011,0.254826,0.0788219,-0.0654386,0.102875,-0.118213,0.0439602,0.102243,0.0684509,0.241002,0.122959,0.162446,0.312788,0.261717,0.0905235,0.12967,0.430531,0.496818,0.521868,0.534911,0.29187,0.299683,0.496998,-2.277e-05,0.241223,-0.016663,0.0700421,0.624043,0.540714,0.665681,0.721782,0.412045,0.454876,0.277526,0.265695,0,-0.00766546,0.264706,0.317928,0.362903,0.302399,0.196391,0.1875,0.305179,0.387981,0.442103,0.361927,0.292359,0.153007,0.434408,0.452641,0.404204,0.541146,0.364445,0.451728,0.0301152,-0.0132823,0.277988,0.0908458,0.0934992,0.107732,0.0535384,-0.0572378,0.26883,0.181717,0.177207,0.116458,0.465826,0.432277,0.774691,0.453186,0.378379,0.241294,0.507628,0.382256,0.557571,0.544178,0,0.59767,0.153072,0.539915,0.650075,0.556761,0.431648,0,0,0,0,0,0,0,0,0.683071,0.304279,0.609215,0.632443,0.490139,-0.0178,0,-0.139121,0.260687,0.146619,0.00424197,0.0161534
0.118101,0.269698,0.151313,0.384668,0.254227,0.467512,0.0855356,0.263968,0.106295,0.0989771,0.1235,0.347484,0.15063,0.208155,1.29264,0,0.507166,0.583249,0.307479,0.396897,0.547699,0.512305,0.352008,0.517014,0.10709,0.245717,0,0.330806,-0.00318777,0.0628954,0.0395056,0.0761243,0.2505,0.0303636,0.0112146,-0.121524,-0.0752149,-0.207707,-0.163392,-0.0909645,-0.0677954,0.286302,0.137761,0.304818,0.367318,0.246178,0.257324,0.298428,0.429933,0.329497,0.471426,0.524132,0.308555,0.348762,0.404659,-0.0288239,0.21952,0.0312086,0.154583,0.617371,0.603795,0.651182,0.815935,0.474787,0.607475,0.412622,0.435851,0,0.0721461,0.362765,0.413652,0.446784,0.458619,0.340686,0.356871,0.239736,0.386761,0.172365,0.133952,0.106602,0.0243103,0.127074,0.250626,0.253372,0.391809,0.0563022,0.123457,0.136436,0.0747584,0.445412,0.278588,0.254559,0.276166,0.0638073,0.0240789,0.181761,0.143176,0.168751,0.196769,0.524458,0.616649,0.548353,0.382058,0.314776,0.203855,0.752224,0.463459,0.536573,0.48911,0,0.803624,0.261661,0.735741,0.762363,0.809962,0.66867,0,0,0,0,0,0,0,0,0.645246,0.39483,0.66076,0.751709,0.61382,0.0230249,0,-0.119909,0.229344,0.154526,0.0415317,-0.0948978
0.347688,0.232773,0.424721,0.467868,0.221724,0.0250549,0.161912,-0.00080155,-0.0381209,-0.138913,-0.101675,-0.0631238,0.175433,0.196187,0.915872,0.507166,0,0.897615,0.723505,0.77,0.585385,0.304136,0.488635,0.364178,0.426234,0.21974,0,0.185652,0.0805025,0.188783,-0.130534,-0.0117845,0.324889,0.379328,-0.0548983,-0.109776,0.0617551,-0.206419,0.170932,0.154814,0.341955,0.278284,-0.0367432,0.0305608,0.146821,0.167538,-0.116948,-0.134565,0.290596,0.201806,0.148844,0.398947,0.153786,-0.00208434,0.276166,0.0781795,0.263501,-0.118374,-0.094612,0.203145,0.103225,0.408731,0.396031,0.367219,0.279715,0.084075,0.0569432,0,-0.035533,0.055441,0.179308,0.175162,0.146856,0.0244432,0.00602142,0.155188,0.0306114,0.657695,0.456265,0.323036,0.209315,0.751451,0.631855,0.395055,0.540014,0.609067,0.80658,-0.169265,-0.16244,0.00370361,-0.124259,-0.123275,-0.189138,-0.122432,-0.348153,0.118941,0.00461856,0.0716898,-0.0690694,0.395677,0.249699,0.538192,0.316249,0.184015,0.159125,0.187807,0.145328,0.30128,0.197161,0,0.224827,0.00070556,0.231043,0.27079,0.178128,0.073405,0,0,0,0,0,0,0,0,0.465593,0.122518,0.365756,0.193823,0.0483534,-0.0482847,0,-0.156392,0.228135,0.284293,0.203011,0.238738
0.250976,0.202371,0.13869,0.206616,0.191793,0.0731003,0.04625,0.0978106,-0.0991212,-0.157875,-0.123226,0.0177541,-0.10249,-0.0638899,0.603907,0.583249,0.897615,0,0.738002,0.975399,0.854633,0.848238,0.609914,0.677617,0.361918,0.407427,0,0.12591,-0.0377954,-0.0191767,-0.250106,-0.120346,0.0577288,0.0939233,-0.118751,-0.088486,-0.119543,-0.262003,0.00702577,0.0585854,0.243554,0.489725,0.0442584,0.352371,0.300089,0.186454,0.016806,-0.015544,0.457762,0.00338879,-0.0141024,0.584433,0.275969,0.0125244,0.156434,0.0826279,0.261873,-0.10539,-0.0919086,0.226498,0.243034,0.305662,0.366046,0.485733,0.519075,0.215888,0.214394,0,0.0510516,0.149371,0.277902,0.314425,0.342,0.172934,0.0976283,0.140722,-0.0239116,0.178773,0.0960925,0.0503946,0.00647152,0.176535,0.226876,0.0322007,0.224659,0.130894,0.31622,-0.10529,-0.101126,0.103965,-0.0266839,-0.0651017,-0.157093,-0.0535417,-0.211842,0.0928792,0.0367689,0.0737451,0.0217775,0.523854,0.434251,0.304564,0.230811,0.158258,0.118888,0.188986,0.136857,0.248956,0.0485244,0,0.178121,0.00828781,0.332824,0.323858,0.291571,0.220777,0,0,0,0,0,0,0,0,0.432471,0.0931582,0.396372,0.21524,0.0661597,0.0591436,0,-0.00893909,0.281976,0.414996,0.43466,0.183334
0.266394,0.289082,0.177638,0.181549,0.053014,0.108963,0.261002,0.193272,0.18979,-0.0280373,-0.0186775,0.22474,-0.074097,0.0716409,0.393743,0.307479,0.723505,0.738002,0,0.803653,0.496641,0.346797,0.71295,0.529103,0.593199,0.314929,0,0.012817,-0.279636,-0.03721,-0.314486,-0.090138,-0.25435,-0.070882,-0.381132,-0.222083,-0.259828,-0.326491,0.235274,0.275356,0.406295,0.482789,-0.291618,0.0274863,0.141595,0.140013,-0.140257,-0.210813,0.171801,0.0680754,0.212006,0.374064,0.246825,0.0280665,0.0179382,-0.137929,-0.00476346,-0.200033,-0.215949,0.279971,0.207613,0.199812,0.132935,0.257571,0.122771,0.0614964,0.0498433,0,-0.0805038,-0.0493879,-0.00725723,0.18715,0.0951395,0.0780246,0.0133456,0.444192,0.11515,0.1098,-0.0960706,-0.0591288,0.025153,0.207146,0.091796,-0.039835,0.0367687,0.236656,0.317743,-0.275496,-0.283788,-0.0661585,-0.0922975,-0.211081,-0.260377,-0.164118,-0.21464,-0.0242683,-0.0843314,0.00704204,-0.0642133,0.443112,0.191303,0.249022,0.183706,0.134352,0.0931785,-0.0101485,0.0381644,0.100693,0.00884706,0,0.107442,-0.00444563,0.00790682,0.124155,-0.0181501,0.0247664,0,0,0,0,0,0,0,0,0.305945,0.178055,0.22529,-0.00305381,-0.160148,-0.272012,0,-0.00320332,0.0481728,0.219553,0.237267,0.00944176
0.147092,0.238949,0.1243,0.189655,0.0621116,0.0799677,0.177738,0.280634,0.0529235,0.0939672,0.017786,0.314252,0.00682654,0.0349185,0.494273,0.396897,0.77,0.975399,0.803653,0,0.484717,0.497393,0.461288,0.539757,0.461693,0.505024,0,0.111113,-0.0769249,0.0594953,-0.120657,0.0840943,0.0429616,0.0313957,0.0387702,0.0707677,-0.079545,-0.138317,0.0979859,0.235313,0.226458,0.442762,-0.0406048,0.215715,0.132388,0.133673,-0.0713319,-0.119999,0.143838,0.0314204,0.133032,0.22113,-0.0306461,-0.139822,-0.098894,-0.171827,0.0509678,-0.206154,-0.205116,0.0813946,0.208782,0.319041,0.330373,0.274228,0.247349,0.112413,0.0974567,0,0.0713126,0.0292123,0.153665,0.161965,0.225044,0.112704,0.14011,0.268849,0.176228,0.264631,0.0945236,0.11849,0.115645,0.18831,0.169345,0.10005,0.270315,0.370169,0.544996,-0.216718,-0.163748,0.0272125,-0.0192802,-0.234607,-0.241042,-0.204158,-0.239694,-0.0789273,-0.0746331,-0.234011,-0.128769,0.36092,0.282635,0.320747,0.291251,-0.0249026,-0.0327766,0.0351516,0.142063,0.162426,0.143308,0,0.16933,0.00929953,0.178434,0.120835,0.210242,0.0968528,0,0,0,0,0,0,0,0,0.371366,0.168713,0.23552,0.0940265,0.0546862,-0.0514026,0,-0.090806,-0.0460862,0.194743,0.162587,0.0354515
0.167845,0.219654,-0.26548,-0.1097,0.148111,0.270812,-0.143623,0.11667,-0.188965,-0.258235,-0.243374,-0.0314696,-0.279531,-0.217003,0.513572,0.547699,0.585385,0.854633,0.496641,0.484717,0,0.943448,0.552635,0.618412,0.190322,0.291753,0,0.0285592,-0.110139,-0.129227,-0.287973,-0.282816,-0.105573,-0.0515762,-0.301084,-0.463161,-0.353676,-0.501288,-0.140097,-0.0988527,0.296207,0.572043,0.0482361,0.275646,0.342883,0.126678,0.139022,0.118298,0.636133,-0.214094,-0.0574424,0.693887,0.38631,0.225476,0.212546,0.405042,0.395572,0.0296579,0.0904555,0.287466,0.22931,0.530957,0.541699,0.627024,0.80055,0.32566,0.306449,0,-0.0592579,0.157044,0.245049,0.430611,0.232851,0.357951,0.108889,-0.0131178,0.00380187,0.016978,-0.0744959,-0.0990757,-0.192112,-0.0983579,-0.0987886,-0.131725,0.0372711,-0.0735488,0.0454772,0.0479903,0.0658663,0.250124,0.110286,0.105142,0.0505648,0.111765,-0.043728,0.116587,0.077359,0.0620125,-0.0185937,0.722274,0.613757,0.278628,0.240208,0.245619,0.152814,0.298326,0.121075,0.216303,-0.030144,0,0.246236,0.00618609,0.375687,0.485109,0.353399,0.44773,0,0,0,0,0,0,0,0,0.346143,0.120776,0.511979,0.274976,0.0914047,-0.0430426,0,-0.0486382,0.636139,0.640156,0.931773,0.240305
0.191451,0.363772,-0.155547,-0.0436915,0.220461,0.414988,-0.119628,0.404385,-0.128846,-0.0172752,-0.00630565,0.142473,-0.184684,-0.134583,0.319787,0.512305,0.304136,0.848238,0.346797,0.497393,0.943448,0,0.711663,1.16167,0.346344,0.711181,0,0.12218,0.104976,0.0818166,-0.084605,0.00120012,-0.0538968,-0.0966054,-0.0918282,-0.185091,-0.227541,-0.279274,-0.0786648,0.0457204,0.313635,0.826653,0.0699082,0.488219,0.356474,0.180408,0.0741973,0.0798815,0.593379,-0.169518,-0.0335149,0.580024,0.278832,0.180652,0.0869507,0.213429,0.150783,-0.149023,-0.0600021,0.30581,0.432723,0.278861,0.346442,0.381161,0.588282,0.214721,0.186939,0,0.105479,0.170027,0.20396,0.314791,0.206572,0.288435,0.109275,0.0978056,0.105874,-0.00765541,-0.0784279,-0.0975185,-0.193992,-0.177268,-0.0775967,-0.172324,-0.0257223,-0.132635,-0.0284621,-0.0469159,-0.0341657,0.200145,0.0703564,0.119357,0.115566,0.177158,0.125796,0.0986468,0.110055,0.13238,0.136682,0.481795,0.564705,0.0424565,0.131318,0.111557,0.0996835,0.349997,0.199754,0.31326,0.0309889,0,0.173205,0.132557,0.353729,0.35575,0.371165,0.440916,0,0,0,0,0,0,0,0,0.226056,0.105534,0.358029,0.385022,0.142049,0.106062,0,0.14847,0.28954,0.399777,0.645612,0.058851
0.712043,0.408799,0.0868503,0.0727034,0.509497,0.295038,0.256211,0.424906,-0.0126611,-0.0258249,0.210839,0.0899804,0.0551976,0.143037,0.36165,0.352008,0.488635,0.609914,0.71295,0.461288,0.552635,0.711663,0,1.07047,0.827614,0.750235,0,0.360776,0.252061,0.438087,0.0169163,0.192999,-0.08587,0.0546478,-0.117276,-0.266701,-0.183626,-0.270187,0.42846,0.373199,0.929425,0.910943,-0.0749745,0.210746,0.198553,0.271991,-0.18538,-0.210702,0.408184,0.0499225,0.0876737,0.610459,0.518781,0.204705,0.198114,0.125853,-0.0467546,-0.21377,-0.151874,0.574619,0.362776,0.162523,0.205919,0.189259,0.182326,-0.012722,-0.0138692,0,-0.0787579,0.0108649,0.0662512,0.182515,0.0231937,0.0056539,-0.0255819,0.388517,0.0874446,0.0869237,-0.071768,-0.184416,-0.212383,0.0414601,0.0303204,-0.0799753,-0.0293713,-0.032038,0.0805081,-0.213846,-0.208172,-0.00782032,-0.0806906,0.0889665,-0.0126589,0.122785,0.00131135,0.0850715,-0.00739804,0.186433,-0.00573608,0.399883,0.322265,0.0684895,0.00776372,0.136332,0.0933892,0.223797,0.218781,0.336874,0.159539,0,0.0644352,0.0360949,0.0969945,0.173686,0.16097,0.118147,0,0,0,0,0,0,0,0,0.187259,0.0503861,0.177628,0.218533,-0.0646519,-0.263587,0,-0.0278785,0.114665,0.130339,0.405813,0.139233
0.39273,0.519072,-0.0114367,0.047801,0.356671,0.590289,0.032885,0.685742,-0.0246569,0.131883,0.188505,0.333499,-0.0679894,0.050818,0.39267,0.517014,0.364178,0.677617,0.529103,0.539757,0.618412,1.16167,1.07047,0,0.634152,1.10308,0,0.387327,0.154412,0.311844,0.0938922,0.203841,-0.0739825,-0.123822,-0.0348142,-0.206322,-0.201867,-0.281882,0.111334,0.270746,0.472439,1.272,0.0461867,0.432367,0.337467,0.277247,0.0323991,0.0658733,0.478987,0.0298646,0.224475,0.648216,0.326323,0.281896,0.163482,0.0470749,0.0370558,-0.160588,-0.0336142,0.511074,0.619004,0.222697,0.227344,0.326018,0.339078,0.222046,0.203015,0,-0.0668329,0.117141,0.125212,0.301925,0.148922,0.213773,0.0943144,0.303206,0.346139,0.0940916,-0.108232,-0.114024,-0.184498,-0.0342692,-0.0216387,-0.0914433,-0.0402665,-0.0201074,0.0198331,-0.0871013,-0.0678538,0.183924,0.0294667,0.0472822,0.0656787,0.136371,0.129546,0.138948,0.105707,0.167897,0.150566,0.485234,0.422247,0.0576477,0.0557787,0.0999765,0.107936,0.307666,0.320272,0.537216,0.167455,0,0.156633,0.0862122,0.337735,0.38134,0.405607,0.43799,0,0,0,0,0,0,0,0,0.291533,0.120999,0.366068,0.512856,0.175315,-0.0214434,0,0.190457,0.0528045,0.235202,0.441807,-0.0321255
0.594283,0.300054,0.316081,0.218806,0.28565,0.126127,0.40253,0.399337,0.447071,0.367189,0.562252,0.323241,0.162374,0.223019,0.238121,0.10709,0.426234,0.361918,0.593199,0.461693,0.190322,0.346344,0.827614,0.634152,0,0.890391,0,0.365069,0.376461,0.600332,0.279227,0.466782,0.0389524,0.144076,0.115019,0.0133887,0.208084,0.0857462,0.761928,0.850579,0.809024,0.693921,-0.0904772,0.128692,0.143455,0.363586,-0.364543,-0.298058,0.185188,0.118214,0.129118,0.293862,0.0857635,-0.0506501,-0.00470652,-0.160805,-0.298177,-0.348523,-0.306311,0.401487,0.34884,0.10503,0.0953154,0.0225406,-0.0452144,-0.14953,-0.12937,0,-0.0715696,-0.141719,0.00136139,0.0846175,-0.0596359,-0.112627,-0.0878643,0.47339,0.240423,0.259553,0.0704755,0.0461413,0.115807,0.175017,0.120502,-0.0849559,-0.0599698,0.177861,0.258058,-0.432263,-0.356142,-0.173218,-0.242329,-0.222514,-0.260453,-0.0955944,-0.114194,0.0613681,-0.0467019,0.116301,-0.0492806,0.206544,0.0668671,0.115753,0.00276979,0.00677459,0.112341,-0.0370701,0.178923,0.283694,0.171038,0,-0.0418423,-0.0349925,-0.112154,-0.0948082,-0.0433005,-0.140723,0,0,0,0,0,0,0,0,0.169,-0.00801855,0.0184857,0.0987381,-0.0799139,-0.180002,0,0.0823912,-0.25967,-0.200923,0.0889341,0.142287
0.383609,0.460602,0.0219062,0.0709974,0.301745,0.410987,0.0853394,0.887822,0.110037,0.467999,0.392917,0.455503,0.0983221,0.155571,0.221789,0.245717,0.21974,0.407427,0.314929,0.505024,0.291753,0.711181,0.750235,1.10308,0.890391,0,0,0.493387,0.320623,0.5386,0.26092,0.55842,0.00721237,-0.0107759,0.0972826,0.0377137,-0.0395824,-0.0244167,0.210683,0.535685,0.414617,0.940365,-0.0461843,0.368926,0.153006,0.236025,-0.115244,-0.0143779,0.373964,0.0460576,0.152414,0.401346,0.0595206,0.0549383,-0.02038,-0.0957362,-0.238131,-0.244056,-0.146017,0.306303,0.52812,0.124407,0.129948,0.0327705,0.0848092,0.029158,0.0705024,0,0.0644076,-0.0642083,0.054714,0.0511235,-0.00274475,0.0400279,0.033035,0.275933,0.390921,0.160283,-0.0341277,-0.0638247,-0.114204,-0.0157376,0.00265966,-0.103443,-0.0741498,0.0391213,0.038625,-0.194361,-0.149934,0.0321768,-0.082904,0.00278171,0.0502756,-0.0022077,0.0337918,0.0133491,0.019915,0.0277047,0.0703599,0.218128,0.229304,-0.0200672,-0.039551,0.031253,0.0473059,0.119891,0.282683,0.380122,0.221286,0,0.0374114,0.0629048,0.124209,0.0634634,0.195349,0.137422,0,0,0,0,0,0,0,0,0.153559,0.0329531,0.142823,0.298509,0.0690418,-0.0811633,0,0.190781,-0.197482,-0.0839387,0.178364,-0.111344
0,0,0,0,0,0,0,0,0,0,0,0,0,0,0,0,0,0,0,0,0,0,0,0,0,0,0,0,0,0,0,0,0,0,0,0,0,0,0,0,0,0,0,0,0,0,0,0,0,0,0,0,0,0,0,0,0,0,0,0,0,0,0,0,0,0,0,0,0,0,0,0,0,0,0,0,0,0,0,0,0,0,0,0,0,0,0,0,0,0,0,0,0,0,0,0,0,0,0,0,0,0,0,0,0,0,0,0,0,0,0,0,0,0,0,0,0,0,0,0,0,0,0,0,0,0,0,0,0,0,0,0,0,0,0,0
0.34916,0.290572,0.140949,0.130447,0.311656,0.302403,0.0497569,0.378168,0.0725972,0.359729,0.281241,0.238876,0.159178,0.24598,0.405254,0.330806,0.185652,0.12591,0.012817,0.111113,0.0285592,0.12218,0.360776,0.387327,0.365069,0.493387,0,0,0.372095,0.647178,0.268203,0.36579,0.14909,0.0730575,0.11935,0.0559238,0.0626271,0.0222611,0.106279,0.237943,0.125488,0.323305,0.0310358,0.127327,0.0454256,0.111703,0.0571698,0.0753397,0.474641,0.357651,0.266568,0.394215,0.0955187,0.183404,0.145075,-0.140229,-0.158714,-0.0308584,0.0532862,0.356334,0.390552,0.144864,0.20969,-0.0180191,-0.0455855,0.0645573,0.111674,0,-0.109738,0.143219,0.172024,0.058412,-0.00673186,-0.0517401,-0.0172418,0.125266,0.262976,0.215386,0.116919,-0.00176171,-0.0526273,0.125947,0.178732,0.0557065,0.0226615,0.105959,0.0741259,0.0415353,0.0144766,0.174338,0.0665812,0.117752,0.170034,0.0740036,0.0773611,0.191619,0.10454,0.0850566,0.110907,0.202887,0.117459,0.305177,0.137578,0.089312,0.0451985,0.0506579,0.243029,0.369355,0.534635,0,0.0370569,-0.0617397,0.0867501,0.144311,0.24288,0.15704,0,0,0,0,0,0,0,0,0.16731,-0.0268195,0.125352,0.420627,0.297667,-0.146223,0,-0.147893,-0.102152,-0.19068,-0.0593482,-0.128736
0.578396,0.161442,0.317057,0.17756,0.4127,-0.0711747,0.242955,0.141441,0.0577426,0.247939,0.357504,-0.148905,0.41035,0.221589,0.163851,-0.00318777,0.0805025,-0.0377954,-0.279636,-0.0769249,-0.110139,0.104976,0.252061,0.154412,0.376461,0.320623,0,0.372095,0,1.00319,0.677394,0.493462,0.525802,0.456685,0.473121,0.182616,0.50324,0.387672,0.493133,0.392947,0.380104,0.143566,0.258308,0.155972,-0.00741225,0.212989,-0.0972067,-0.084974,0.0604485,0.173444,-0.0808675,0.110025,0.0439321,-0.0249205,0.202649,0.191176,0.030115,0.00622798,0.0347998,0.191379,0.127696,0.0269502,0.130035,-0.118735,-0.0578657,-0.0564852,-0.112425,0,0.0337073,0.0780222,0.0324687,-0.10112,-0.174657,-0.186951,-0.0620256,0.0599594,-0.0190015,0.23669,0.218438,0.111885,-0.0394889,0.152526,0.200898,0.14989,0.00985937,0.0732164,0.0677613,0.00496765,0.00378451,0.00338566,-0.0530315,0.0464734,-0.038131,-0.0200081,-0.0881679,0.141024,0.0380259,0.193565,0.0200899,-0.158429,-0.0163945,-0.00338075,-0.0548924,-0.00686011,-0.0346339,0.0973465,0.251208,0.313794,0.308897,0,-0.099581,-0.00534332,0.0630138,-0.102691,0.0568392,-0.0647894,0,0,0,0,0,0,0,0,-0.0329421,-0.220459,-0.0544886,0.125366,0.141985,0.148436,0,-0.0279753,-0.0412432,-0.163781,-0.0760742,0.219413
0.602372,0.358755,0.381189,0.251295,0.499259,0.16589,0.336313,0.448339,0.125765,0.395094,0.485106,0.0607921,0.443789,0.387043,0.275577,0.0628954,0.188783,-0.0191767,-0.03721,0.0594953,-0.129227,0.0818166,0.438087,0.311844,0.600332,0.5386,0,0.647178,1.00319,0,0.589722,0.829419,0.362647,0.321202,0.341899,0.272034,0.417734,0.388866,0.615627,0.729839,0.478397,0.322503,0.121128,0.221016,0.032693,0.31469,-0.161111,-0.132489,0.137196,0.349095,0.103738,0.16256,0.00522071,0.00928406,0.126586,-0.0516822,-0.178921,-0.103114,-0.0725673,0.293142,0.260867,0.0121124,0.128641,-0.171583,-0.131511,-0.119761,-0.162249,0,-0.0623072,0.0376435,0.114788,-0.0817503,-0.105542,-0.184209,-0.0742289,0.204138,0.168007,0.315016,0.221126,0.0896957,0.0150759,0.268479,0.270326,0.169461,0.0376288,0.199557,0.187483,-0.0896523,-0.0778752,-0.0242437,-0.146563,0.023683,0.0152228,-0.0810324,-0.108835,0.0864511,0.00881264,0.131144,-0.00636397,-0.0186464,0.0452734,0.138619,0.0734592,0.0250268,-0.00370907,0.0756261,0.294116,0.39561,0.399661,0,-0.0714351,-0.0358,-0.0431565,-0.107983,0.043577,-0.0620369,0,0,0,0,0,0,0,0,0.112589,-0.122088,-0.0346986,0.253945,0.153115,-0.0651561,0,0.0511866,-0.215639,-0.292562,-0.135729,0.0906422
0.207194,0.0666917,0.209978,0.0576417,0.130896,0.0413535,0.181262,0.208406,0.19844,0.404678,0.605639,0.211203,0.192164,0.227603,0.0845678,0.0395056,-0.130534,-0.250106,-0.314486,-0.120657,-0.287973,-0.084605,0.0169163,0.0938922,0.279227,0.26092,0,0.268203,0.677394,0.589722,0,0.810193,0.429486,0.130503,0.963049,0.405789,0.580203,0.44488,0.292106,0.305597,0.0958428,0.0525875,0.654791,0.296889,0.216715,0.389404,-0.100743,0.00426215,-0.127486,0.205582,0.152005,-0.014346,-0.129015,0.0508233,0.105113,-0.17652,-0.120727,-0.0335557,0.0245367,0.238405,0.276265,0.0811985,0.0581812,-0.0062828,-0.16928,-0.0846697,-0.0312421,0,-0.0772567,0.186555,0.0718454,0.158711,-0.0225935,-0.0630286,0.039205,0.0936411,0.18939,0.090187,-0.0140353,0.0965211,0.0318023,0.0182515,-0.0341371,0.0514492,-0.0694235,0.00965361,-0.05001,-0.0921493,0.0260387,0.063735,0.0277619,-0.220888,-0.193232,-0.119667,-0.00066748,-0.105716,-0.172483,0.0681804,-0.115814,-0.0664868,-0.0603698,-0.0809292,-0.160157,-0.0485938,-0.0538224,0.0690575,0.325592,0.428743,0.208383,0,0.023238,0.0583649,0.00664223,-0.057156,0.126212,0.00562445,0,0,0,0,0,0,0,0,0.0645909,-0.114368,-0.082271,0.260582,0.209539,0.213722,0,0.166122,-0.270958,-0.440172,-0.3001,0.109879
0.204037,0.230548,0.245834,0.182764,0.116295,0.113591,0.203301,0.509267,0.219154,0.579728,0.524401,0.322978,0.250333,0.362626,0.103342,0.0761243,-0.0117845,-0.120346,-0.090138,0.0840943,-0.282816,0.00120012,0.192999,0.203841,0.466782,0.55842,0,0.36579,0.493462,0.829419,0.810193,0,0.289299,0.154183,0.499339,0.500898,0.39858,0.530501,0.333641,0.570929,0.154815,0.190307,0.195654,0.427441,0.00741786,0.364005,-0.112398,-0.00416367,0.0165038,0.14565,0.0992517,0.00353459,-0.227061,-0.077566,-0.0274417,-0.255304,-0.297042,-0.105479,-0.0550542,0.183897,0.305173,0.0052865,0.0502477,-0.122988,-0.149653,-0.106834,-0.024306,0,0.142861,0.0570841,0.278792,-0.0735725,0.0935049,-0.105869,0.12076,0.159085,0.228843,0.14161,0.0336582,0.0149428,-0.00815123,0.0992145,0.166462,0.0419953,-0.0398032,0.035605,0.00572078,-0.105049,-0.0921167,0.055038,0.0257796,-0.0899491,-0.0428704,-0.33881,-0.24422,-0.248471,-0.257411,-0.0520987,-0.136626,-0.020906,0.126953,-0.0128522,-0.055616,-0.122778,-0.206246,0.114862,0.428791,0.34044,0.260926,0,0.0536851,0.14407,-0.0456903,-0.199052,0.108383,-0.083737,0,0,0,0,0,0,0,0,0.109152,-0.0373479,-0.078969,0.208148,0.100156,-0.0277704,0,0.102103,-0.431952,-0.485831,-0.315347,-0.0672115
0.159144,0.0792026,0.52371,0.476213,0.207776,-0.00345826,0.139544,-0.0790166,0.0431922,0.150634,0.155383,-0.0989374,0.61102,0.247242,0.412011,0.2505,0.324889,0.0577288,-0.25435,0.0429616,-0.105573,-0.0538968,-0.08587,-0.0739825,0.0389524,0.00721237,0,0.14909,0.525802,0.362647,0.429486,0.289299,0,0.65595,0.719881,0.488248,0.666843,0.388586,0.0312637,-0.045331,-0.12954,-0.172914,0.291331,0.168216,0.0699369,0.130316,-0.0730932,0.0343425,0.094949,0.287465,0.0826067,0.176352,0.0060425,0.0596555,0.381163,0.140733,0.25762,-0.0470622,-0.0402612,0.131161,0.115444,0.178603,0.287903,0.0637384,0.0361289,-0.0389059,0.00703882,0,0.0114443,0.235024,0.1844,-0.0631267,0.0265283,-0.104421,0.0904833,0.0679424,0.11017,0.666451,0.556405,0.644409,0.273086,0.409181,0.423944,0.528099,0.487599,0.490181,0.384616,-0.0450362,-0.0232301,0.0299397,-0.0503271,0.103123,0.0437691,-0.136691,-0.125641,-0.0334852,-0.114491,0.0399686,-0.0602912,-0.136039,0.0393184,0.172771,-0.0336178,0.0819688,0.105395,0.244828,0.271092,0.363296,0.361353,0,0.150623,-0.00061139,0.265755,0.0105988,0.217991,-0.00776748,0,0,0,0,0,0,0,0,0.314258,-0.00750959,0.0963288,0.206937,0.332783,0.121035,0,-0.121561,0.0997098,-0.0947292,-0.221971,0.0783299
0.363413,0.00682052,0.398261,0.31174,0.255076,-0.22413,0.155935,-0.200781,-0.0641868,-0.0888738,0.0831236,-0.286547,0.507217,0.731432,0.254826,0.0303636,0.379328,0.0939233,-0.070882,0.0313957,-0.0515762,-0.0966054,0.0546478,-0.123822,0.144076,-0.0107759,0,0.0730575,0.456685,0.321202,0.130503,0.154183,0.65595,0,0.248823,0.202614,0.3525,0.226638,0.183698,-0.0114872,0.176542,-0.126419,7.671e-05,-0.120127,-0.164998,0.0682977,-0.253098,-0.198305,0.124709,0.155629,-0.00296536,0.13479,0.0935777,-0.0712574,0.24878,0.205117,0.117116,-0.0932481,-0.13999,-0.00680112,-0.135356,0.071952,0.0876514,-0.0794507,-0.124026,-0.255097,-0.225933,0,0.162353,-0.156092,-0.059021,-0.239584,-0.214172,-0.310034,-0.156404,-0.0680127,-0.202304,0.499171,0.645019,0.194167,0.145562,0.430135,0.452538,0.261066,0.225845,0.289927,0.377596,-0.199475,-0.215021,-0.201664,-0.223729,0.0304626,-0.0882141,-0.0893966,-0.194432,-0.189028,-0.224872,-0.079604,-0.253987,-0.183187,-0.00046119,0.115595,-0.0811095,0.106397,0.0919407,-0.0826146,-0.0203381,0.0737232,0.22341,0,-0.034498,-0.0832926,-0.0833744,-0.0650013,-0.156024,-0.253728,0,0,0,0,0,0,0,0,0.0807011,-0.268843,-0.099584,-0.0565697,-0.0247577,0.0427287,0,-0.259793,0.114499,0.0596786,-0.0594151,0.251556
