attribute name,data type,value
Subject ID,id,4
Condition,category,controlled
Age,number,22
Hours Slept,number,7.0
Cort Delta,number,5.77278000
Experiment Day,category,day1
Scanned Timing,category,post
ROI-ROI Matrix,matrix,
0,0.143795,-0.394099,-0.492541,0.00519253,-0.17573,0.381078,-0.00447423,0.132949,0.0150434,0.306152,-0.023317,-0.227465,-0.363513,0.128642,-0.142024,-0.296861,-0.112831,-0.198434,-0.171411,0.372437,0.097244,0.458371,0.200261,-0.0740119,0.131681,0.64948,0.249287,0.629854,0.452508,0.109748,0.134203,-0.237753,-0.360258,0.298534,0.139961,-0.00755552,0.140644,0.35767,0.276101,0.603258,0.299265,0.421669,0.201397,-0.20509,-0.00586121,0.0639584,0.0241045,0.049497,-0.0995006,-0.145127,-0.0859745,0.199596,-0.0916878,-0.0933479,0.104503,0.0744963,-0.00169032,0.0271235,0.36124,0.128201,-0.141634,-0.223066,-0.162479,-0.229183,-0.0906826,0.0104096,-0.388964,-0.168138,-0.101712,0.0879432,-0.160324,-0.153429,-0.317092,-0.250034,-0.206217,-0.206465,-0.380781,-0.350694,-0.266421,-0.224544,-0.350211,-0.224958,-0.307612,-0.283026,-0.276762,-0.276544,-0.0225446,-0.0205686,-0.171785,-0.237332,-0.00955044,-0.115195,0.179994,0.105763,0.199127,0.0593182,0.116519,0.0296346,-0.149676,-0.251285,-0.14191,-0.218515,0.0313736,-0.113054,-0.100506,0.06767,-0.245137,0.20715,-0.0358575,-0.0073155,0.00225891,-0.0719617,-0.171828,-0.089196,-0.139014,0,0,0,0,-0.0591699,0,0,0,0.0429787,-0.143722,-0.266613,-0.0613128,0.153133,-0.113671,0,-0.0656486,0.0632363,0.11669,0.00547624,0.309911
0.143795,0,-0.373134,-0.152693,-0.187634,0.515361,-0.177751,0.82007,0.075818,0.391322,-0.0299857,0.38654,-0.245998,-0.217784,-0.314,-0.220739,-0.146061,-0.365892,0.0226808,0.100795,0.125768,0.0293397,-0.0518872,0.110507,0.108486,0.314612,0.336208,0.556466,0.19061,0.383898,-0.116253,0.173683,-0.230569,-0.467984,0.0806515,0.11776,0.0838849,0.0842275,0.301232,0.416095,-0.0116926,0.488369,-0.158004,0.348204,0.0813872,0.204537,0.0105513,-0.0750794,-0.337866,-0.201658,-0.24875,-0.331089,-0.0896454,0.504157,0.117828,-0.323689,-0.13671,-0.0751097,0.241795,-0.187749,0.51499,-0.331307,-0.290706,-0.465458,-0.305046,-0.05733,0.0515182,-0.317869,-0.198786,-0.114177,0.0575509,-0.137214,0.112896,-0.0262194,0.0787179,0.0988582,0.590378,-0.446465,-0.490452,-0.306782,-0.128466,-0.287196,-0.355892,-0.39136,-0.398628,-0.187859,-0.163261,0.0546079,0.0082247,0.0525485,0.0549923,-0.249081,-0.0198514,-0.0222655,0.339384,0.0408126,0.128097,0.0815447,0.186075,-0.534983,-0.428899,-0.292287,-0.255898,-0.01361,0.020292,-0.112653,0.133034,0.150518,0.120676,0.285672,-0.137854,-0.0360109,-0.402259,-0.16406,-0.0250362,0.0526839,0,0,0,0,-0.140551,0,0,0,0.0990688,-0.0212304,-0.508215,-0.178788,0.124303,0.195989,0,0.169757,-0.0921968,-0.0744357,-0.0136513,-0.404797
-0.394099,-0.373134,0,0.77434,0.0784345,-0.372528,-0.111141,-0.384703,-0.318683,-0.260954,0.138386,-0.154743,0.23806,0.24253,0.150534,0.161261,0.015038,0.0369285,0.11479,-0.00741018,-0.477478,-0.202812,-0.310166,-0.243979,-0.0234475,-0.0854875,-0.463336,-0.422457,-0.401432,-0.554319,-0.0704132,-0.175842,0.262766,0.270491,-0.0255786,-0.247901,0.221633,-0.0710535,-0.17486,-0.322005,-0.309965,-0.506811,-0.311077,-0.39002,0.0123305,-0.0956245,-0.0787767,0.00272241,0.0161652,0.136844,0.102651,0.128032,0.0333674,-0.144897,0.0639464,-0.037283,-0.220619,-0.142431,-0.111228,0.253,-0.0154224,0.176153,0.113973,0.361061,0.284425,0.148668,-0.0111375,0.280245,0.153348,-0.217056,-0.142395,0.0452994,0.0561064,0.277987,0.148289,0.359196,-0.043766,0.54625,0.432352,0.608625,0.281779,0.668411,0.590465,0.846997,0.62441,0.462655,0.400334,-0.115861,-0.0492412,-0.0770933,0.133319,0.0733233,0.057016,-0.161141,-0.235732,-0.0709725,-0.137518,-0.329656,-0.317061,0.175019,0.312526,0.280721,0.333106,-0.079663,-0.0865851,0.111952,-0.16348,-0.0742216,-0.324554,-0.113741,0.108914,0.0994169,0.271497,0.143757,-0.067121,-0.159572,0,0,0,0,0.227406,0,0,0,-0.228282,0.0804447,0.113176,-0.0340843,-0.242719,-0.168671,0,-0.137169,-0.0514459,-0.265483,-0.15236,-0.208301
-0.492541,-0.152693,0.77434,0,-0.16245,-0.15566,-0.320627,-0.269748,-0.140909,-0.13361,-0.194315,0.00382218,-0.0219679,0.0375292,-0.120308,0.200541,0.381288,0.14706,0.371565,0.209052,-0.215659,-0.0915158,-0.0700611,-0.117555,0.189102,0.0577996,-0.624219,-0.373185,-0.474424,-0.642368,-0.117765,-0.0646441,0.0420213,0.199778,-0.194572,-0.0351655,-0.0634517,0.00117314,-0.153132,-0.149882,-0.128484,-0.261972,-0.18049,-0.284676,0.09734,0.0612908,0.0117976,0.208146,0.156543,0.0108141,0.0382029,0.478043,0.00276149,0.0465592,0.10721,-0.195961,-0.118632,-0.0307285,-0.0274179,0.214556,0.134871,-0.132783,0.132037,0.0990011,-0.072531,0.11455,-0.0648775,0.266057,0.130061,-0.114686,-0.226049,0.07164,0.00621362,0.236869,0.0885812,0.263072,0.361026,0.430385,0.48645,0.295993,0.339946,0.237109,0.258393,0.493576,0.527146,0.386383,0.367648,0.118011,0.200624,-0.084899,-0.0302957,-0.184281,-0.150871,-0.29928,-0.169801,-0.14511,-0.147501,-0.372718,-0.419255,0.125576,0.171044,0.101625,0.160242,-0.165835,-0.173647,-0.317742,-0.0710185,-0.0383033,-0.367993,-0.194603,-0.323543,-0.178336,-0.120687,-0.0349592,-0.170073,-0.167884,0,0,0,0,0.185516,0,0,0,-0.256123,-0.210843,0.161684,-0.173737,-0.401578,-0.20315,0,-0.151837,0.140153,-0.0983972,-0.143784,-0.0540355
0.00519253,-0.187634,0.0784345,-0.16245,0,0.182714,0.303338,-0.087189,0.13478,-0.0794227,0.0737487,-0.186269,0.198371,0.224435,0.214636,0.170758,-0.332262,-0.102076,-0.426808,-0.48659,-0.300481,-0.0445567,-0.232771,-0.194986,-0.0305435,-0.136593,0.0460254,-0.234061,-0.148378,-0.197703,-0.318472,-0.235374,-0.108668,-0.23156,0.0552553,-0.444347,0.123142,-0.153153,-0.144821,-0.136029,-0.133986,-0.412741,-0.115102,-0.209767,0.0644335,-0.0321369,0.291728,0.302077,-0.158964,0.136461,0.172207,-0.249295,0.355221,0.117271,-0.113328,-0.0806254,-0.00363832,-0.0177034,-0.0590318,0.0340383,-0.201492,0.409231,-0.100716,0.337122,0.392125,0.40913,0.325417,0.279631,0.105519,0.0176253,0.202624,0.0489175,0.161976,0.0361715,0.11332,0.438856,-0.0224098,-0.295878,-0.315119,-0.136984,-0.312481,0.0765514,0.0840026,-0.0543212,-0.173804,-0.32755,-0.393857,0.0481411,0.00455252,0.0954203,0.075953,0.248456,0.170696,0.292847,0.212791,0.1534,0.130778,0.165233,0.0553021,0.063325,0.0556341,0.0984663,0.138816,0.358888,0.346289,0.43538,-0.0833368,0.0546914,0.0293052,0.00607098,0.336878,0.200523,0.490971,0.477008,0.290051,0.205588,0,0,0,0,-0.219363,0,0,0,0.120234,0.353897,0.0561851,0.160949,0.0589705,0.139397,0,-0.107232,-0.0259125,0.0614429,-0.174899,-0.193453
-0.17573,0.515361,-0.372528,-0.15566,0.182714,0,-0.0149416,0.676874,0.297816,0.428396,-0.456231,0.193955,-0.0550639,0.188901,-0.0979967,0.133153,-0.0234187,-0.0671367,-0.0503837,0.148547,0.0981132,0.0411073,-0.169641,-0.0317557,-0.0590389,-0.0165557,0.0849488,0.209857,-0.136668,0.136172,-0.313189,-0.0778941,-0.268949,-0.31838,-0.323017,-0.0776259,-0.246189,-0.073838,-0.0427813,0.236576,-0.147548,0.225457,-0.31046,0.0285603,0.0547465,0.108133,0.0652788,-0.0199981,-0.0575424,0.0685411,0.128828,-0.342362,0.126626,0.706328,0.247038,-0.167959,-0.07926,0.0684827,0.145274,-0.471456,-0.0351752,-0.0323002,-0.0546772,-0.110809,0.0331109,0.0592734,0.0250769,-0.0136104,0.0229895,0.178212,0.160476,-0.0332065,0.112373,0.0920159,0.198099,0.137024,0.501207,-0.444545,-0.451976,-0.329066,-0.0468414,-0.234904,-0.283923,-0.444488,-0.44093,-0.274525,-0.175245,0.0871284,0.0285349,0.140388,0.100837,-0.0110725,0.243906,0.19136,0.572763,0.174403,0.400372,0.262422,0.46,-0.108238,-0.206196,-0.163513,-0.00868405,0.316707,0.403629,0.0468355,0.0846254,0.312167,0.132535,0.331117,0.155562,0.148011,-0.0442765,0.209985,0.16046,0.354798,0,0,0,0,-0.161942,0,0,0,0.332094,0.26096,0.0853454,0.189952,0.213373,0.303465,0,0.169263,0.158533,0.0580371,-0.0182875,-0.257616
0.381078,-0.177751,-0.111141,-0.320627,0.303338,-0.0149416,0,0.0749591,0.358884,-0.0865664,0.101237,0.051302,-0.0619975,0.0483062,0.0513315,-0.220141,-0.152156,-0.0911775,-0.0849789,-0.0603308,-0.0292022,-0.206541,0.327093,-0.138663,0.234664,0.157212,0.324492,0.00490319,0.340362,0.234666,0.253314,0.125868,-0.162082,-0.262454,0.133245,0.0363475,-0.21741,-0.203203,0.439493,0.173471,0.63923,-0.0249798,0.582248,0.152047,0.20629,0.147499,-0.208172,-0.258859,0.00339712,-0.0627397,-0.0169513,-0.340612,-0.00966217,-0.11693,-0.0816825,0.13015,0.132782,-0.103337,-0.302581,0.0633366,-0.144929,0.113036,-0.0525008,0.398443,0.192737,0.159413,-0.143537,-0.164261,0.235323,0.341232,0.37328,0.393374,0.376654,0.0907382,0.00492089,-0.020196,-0.282856,-0.307064,-0.41061,-0.280466,-0.331587,-0.0242762,0.0658477,-0.0776846,-0.112365,-0.264813,-0.109522,-0.387569,-0.294594,-0.18856,-0.392616,0.238995,0.107145,0.0355152,0.0461671,0.0261448,0.0478016,0.158074,0.10202,0.168202,0.0224627,-0.00205714,0.00884693,0.0588733,0.0652843,0.19785,0.207876,0.0506731,0.184376,0.0511212,0.252741,0.0763058,0.356054,0.340825,0.0437226,0.222691,0,0,0,0,-0.109311,0,0,0,0.117125,0.18865,0.0865075,0.140352,0.275106,0.0333695,0,-0.036741,-0.0765449,0.170085,0.00178241,0.317846
-0.00447423,0.82007,-0.384703,-0.269748,-0.087189,0.676874,0.0749591,0,0.0408876,0.503641,-0.118757,0.382318,-0.158342,-0.0835411,-0.0890886,-0.104706,-0.0190707,-0.0831598,0.118702,0.342965,0.19152,0.201782,0.0382609,0.287921,-0.0531321,0.115894,0.265955,0.552457,0.199089,0.412112,0.0519374,0.206799,-0.170775,-0.360693,0.0348799,0.205434,-0.0617557,-0.0691773,0.116596,0.276222,-0.0969862,0.548192,-0.0166588,0.646598,0.0823043,0.110273,-0.17696,-0.324205,-0.139263,-0.075657,-0.0861511,-0.359256,-0.197722,0.36038,0.0582604,-0.0935955,-0.0781738,0.0222063,0.161487,-0.286203,0.476216,-0.0501812,-0.133161,-0.192272,0.0172378,-0.154804,-0.125977,-0.281621,-0.0544964,-0.00042527,0.0933297,-0.0121334,0.204598,-0.0790929,0.0484134,-0.0942232,0.402491,-0.339249,-0.478067,-0.260945,-0.171718,-0.118403,-0.160968,-0.328885,-0.351243,-0.134083,-0.051675,-0.158968,-0.19206,0.0825208,0.013535,-0.192647,0.140153,-0.0546189,0.296599,-0.138961,0.0857298,0.256856,0.366082,-0.313056,-0.194376,-0.317974,-0.211715,0.120126,0.201936,0.10239,0.0240637,0.0735374,-0.00101473,0.238724,0.119848,0.0969519,-0.209244,-0.0491456,-0.151553,0.050918,0,0,0,0,-0.196557,0,0,0,0.211786,0.18157,-0.369081,-0.16097,0.0513561,0.0493995,0,0.178122,-0.118049,-0.122032,0.352646,-0.179844
0.132949,0.075818,-0.318683,-0.140909,0.13478,0.297816,0.358884,0.0408876,0,0.718101,-0.32453,0.144633,-0.0817767,0.063365,0.297457,0.298611,0.168987,0.0308035,0.0488817,-0.0610078,0.252128,0.0439092,0.2847,0.0123951,0.496496,0.39514,0.295126,0.154722,0.0113922,0.0197471,-0.145093,-0.0750465,-0.192,-0.18891,-0.289245,-0.125048,-0.19464,-0.12694,0.321729,0.373881,0.45556,0.291601,0.0849105,0.0211322,0.1587,0.17296,0.12366,0.1079,0.0348875,-0.151676,-0.0531464,-0.0460092,0.152142,0.337834,0.379864,0.106282,0.235565,-0.0563935,-0.0503598,0.157722,-5.232e-05,-0.220709,-0.143842,-0.0116513,0.00095213,0.11773,-0.0212629,0.0451311,0.255616,0.498239,0.310105,0.273558,0.229739,-0.00817357,-0.0861302,0.0683176,0.0809353,-0.293398,-0.322758,-0.251943,-0.155973,-0.284449,-0.161121,-0.299315,-0.267839,-0.272882,-0.245804,0.00670024,0.071658,0.0446431,-0.0669691,0.0841061,0.0318702,0.150779,0.221114,0.188067,0.174032,0.248653,0.157557,0.100312,-0.10054,-0.0121371,0.0227867,0.1264,0.07662,-0.17276,0.145141,-0.0866332,-0.131202,-0.290165,-0.0226867,-0.0546707,0.0418355,0.0850335,-0.13379,-0.0100211,0,0,0,0,-0.058852,0,0,0,0.225205,0.0188425,0.0409168,-0.0528985,5.58e-06,0.00649359,0,0.0219311,0.168346,0.574071,-0.0927815,0.0626762
0.0150434,0.391322,-0.260954,-0.13361,-0.0794227,0.428396,-0.0865664,0.503641,0.718101,0,-0.294346,0.308211,-0.0119432,0.0637896,0.275466,0.390028,0.14377,0.126543,0.25454,0.24487,0.373431,0.330254,0.228898,0.28484,0.0728204,0.203579,0.296586,0.447988,0.0454813,0.059328,-0.137524,-0.185787,-0.0679218,-0.134146,-0.175052,-0.126749,-0.160078,-0.221651,0.0699112,0.27745,0.0724882,0.635827,-0.12369,0.182426,-0.035265,-0.0670486,0.0345093,0.0103252,-0.0469379,-0.0256871,0.0457156,-0.0711513,0.0699019,0.447283,0.361624,0.0679753,-0.0522002,-0.165959,0.0139508,0.0876085,0.443789,-0.243374,-0.230273,-0.256787,-0.110928,-0.163516,-0.0982083,-0.0257553,0.0821413,0.0394309,-0.0737915,-0.00970829,0.0554203,-0.117664,-0.0927801,-0.047199,0.337456,-0.126771,-0.19909,-0.0476904,0.0705228,-0.16793,-0.151309,-0.173083,-0.151774,-0.0297665,-0.026991,-0.061268,-0.0746155,0.179429,0.175798,-0.0875301,0.0792974,0.0641165,0.210475,0.130357,0.21417,0.373853,0.321087,-0.127209,-0.198986,-0.23383,-0.128855,0.0756774,0.0890767,-0.184684,-0.0427319,-0.262971,-0.292009,-0.280858,-0.0247279,0.0244336,-0.16813,-0.160878,-0.270846,-0.225561,0,0,0,0,-0.08831,0,0,0,0.194153,0.0848795,-0.184244,-0.203093,-0.146475,-0.0436043,0,0.0773374,0.130842,0.174907,0.13048,-0.0978761
0.306152,-0.0299857,0.138386,-0.194315,0.0737487,-0.456231,0.101237,-0.118757,-0.32453,-0.294346,0,0.311434,-0.0772965,-0.151426,0.0553315,-0.277148,-0.242838,-0.209885,-0.257194,-0.143536,-0.307198,-0.218507,-0.0746998,0.0187318,-0.00810323,0.327476,0.291776,0.0380893,0.256771,0.0876446,0.209402,0.392351,0.0723027,-0.224729,0.774395,0.041317,0.721903,0.560899,0.293702,0.298952,-0.0427474,-0.0847709,-0.0772454,-0.0821137,-0.0345552,0.0224852,-0.104898,-0.226545,-0.499389,-0.0196383,-0.132699,-0.162798,-0.322872,-0.601413,-0.347447,-0.326339,-0.27551,-0.0357945,0.0444087,0.258926,0.0112339,-0.0468106,-0.219375,0.0255474,-0.0413503,0.250743,0.155341,-0.0984166,-0.231932,-0.316391,-0.0802903,-0.0479711,0.0239111,0.018483,0.039116,0.184068,-0.0856285,-0.156399,-0.188408,0.123164,-0.103891,-0.0557386,-0.0169108,0.013341,-0.0871609,-0.0694446,-0.1127,-0.132024,-0.157985,-0.0897126,-0.0168356,0.00617164,-0.0159891,-0.100378,-0.253028,-0.153225,-0.271641,-0.298432,-0.350799,-0.0723066,0.110138,0.160951,-0.0567061,-0.299803,-0.228488,0.0373953,0.0173384,0.0186302,0.233436,0.121887,0.0368043,0.00592936,0.044635,0.0217623,0.00051463,-0.0405016,0,0,0,0,0.0788989,0,0,0,-0.160931,-0.0283318,-0.253843,-0.0452394,0.125316,-0.0634083,0,-0.0764865,-0.569959,-0.351845,-0.289324,-0.346691
-0.023317,0.38654,-0.154743,0.00382218,-0.186269,0.193955,0.051302,0.382318,0.144633,0.308211,0.311434,0,-0.224677,0.00811303,-0.302087,-0.26937,-0.0840457,-0.268638,0.0154695,0.139545,-0.166206,-0.363286,0.0119686,-0.0723647,-0.00606386,0.474867,0.0801926,0.0563533,0.0942522,0.190308,0.286052,0.786038,-0.0503691,-0.294464,0.177843,0.399684,-0.00865904,0.495172,0.1981,0.437362,0.0269548,0.0732082,-0.112079,0.0531693,0.0534275,0.1982,-0.193424,-0.368956,-0.40779,-0.130783,-0.194079,-0.303561,-0.508879,-0.0931224,-0.170691,-0.397848,-0.239183,0.0416242,0.117769,-0.063758,0.0957639,-0.143283,-0.101045,-0.150889,-0.210364,0.131726,-0.0965877,-0.0808033,-0.128408,-0.00985664,-0.0191792,0.0558502,0.171044,0.0479412,0.14993,0.0974133,0.470134,-0.292363,-0.315012,-0.230459,-0.116856,-0.349014,-0.38443,-0.285735,-0.310177,-0.200522,-0.0991742,-0.230939,-0.202287,-0.0330569,-0.0241575,-0.157908,0.0443303,-0.297754,-0.12563,-0.26896,-0.166602,-0.124564,-0.096915,-0.190198,-0.175287,-0.046024,-0.0697742,-0.306705,-0.244787,-0.110828,0.0569687,0.145973,0.16914,0.0900784,-0.0184366,-0.00108192,-0.287636,0.127296,-0.0804391,0.0813997,0,0,0,0,0.0244437,0,0,0,-0.0849199,-0.149461,-0.183773,-0.0793958,0.0422716,0.103967,0,-0.0665842,-0.482988,-0.304289,-0.219856,-0.263481
-0.227465,-0.245998,0.23806,-0.0219679,0.198371,-0.0550639,-0.0619975,-0.158342,-0.0817767,-0.0119432,-0.0772965,-0.224677,0,1.06948,0.236798,0.206916,0.00091444,0.0850631,0.036118,-0.0379441,0.0588668,0.109112,-0.134151,0.0681159,-0.25433,-0.279825,0.0163364,-0.156143,0.00939093,-0.0109952,-0.018457,-0.368298,0.679378,0.650771,-0.501177,-0.755352,-0.176765,-0.392328,-0.434694,-0.501902,-0.271389,-0.0786042,-0.359136,-0.336554,-0.302945,-0.593691,0.207754,0.0947285,0.237426,0.94906,0.854903,0.0958881,0.0326882,0.0469972,-0.0889143,0.0447759,-0.350744,-0.177186,-0.10643,0.055863,0.0261887,0.280069,0.193832,0.0558059,0.131707,-0.11287,0.155673,0.268974,0.168146,0.0749902,-0.00190062,-0.0999355,-0.136241,-0.0795257,-0.114774,-0.171479,-0.245308,0.637636,0.47575,0.450962,0.329296,0.479515,0.394149,0.379497,0.358378,0.374068,0.301177,0.0556622,-0.150162,0.181741,0.00434345,0.00583717,0.0718753,-0.173757,-0.172947,0.30793,0.25888,0.179855,0.150346,0.0787777,0.128508,0.298392,0.21012,0.0227576,0.0167205,0.142983,-0.209514,-0.19645,-0.261238,-0.225298,0.0895358,-0.025356,0.230225,-0.0397727,0.04069,-0.140133,0,0,0,0,0.250251,0,0,0,-0.111275,0.0853997,0.0286036,0.017236,-0.12271,0.151131,0,0.0720004,0.0758677,-0.166761,0.1108,-0.0523347
-0.363513,-0.217784,0.24253,0.0375292,0.224435,0.188901,0.0483062,-0.0835411,0.063365,0.0637896,-0.151426,0.00811303,1.06948,0,0.139639,0.197754,-0.0432628,0.0242604,0.0115927,-0.0286582,-0.139329,-0.024428,-0.266996,-0.048841,-0.181744,-0.227602,-0.104586,-0.333004,-0.222517,-0.142201,-0.144247,-0.292639,0.396325,0.531573,-0.569709,-0.555897,-0.276959,-0.313504,-0.384736,-0.382872,-0.273849,-0.261402,-0.461798,-0.414694,-0.173044,-0.358744,0.0952615,0.0223172,0.0523263,0.686432,0.708006,-0.0978951,-0.032913,0.0539654,-0.0565229,-0.0953037,-0.344458,-0.128813,-0.0651216,-0.0762891,-0.131267,0.245014,0.199989,0.172719,0.192894,0.0263802,0.121589,0.356273,0.186961,0.160093,0.0783109,0.00774066,0.0918869,0.127725,0.120941,0.0545591,-0.046921,0.336608,0.284038,0.220529,0.264524,0.282818,0.202026,0.222482,0.1643,0.131562,0.201647,-0.0289398,-0.141944,0.1694,0.093518,0.0945822,0.222036,-0.205338,-0.143257,0.264417,0.289402,0.0599585,0.193325,0.15245,0.147933,0.314916,0.345123,-0.0488589,-0.00403024,0.165599,-0.0993871,0.0338235,-0.081313,-0.0528752,0.217141,0.0591506,0.341109,0.209,0.275579,0.131826,0,0,0,0,0.134406,0,0,0,-0.0211782,0.185041,0.230872,0.248069,0.0398595,0.186763,0,0.121026,-0.0358035,-0.214282,-0.0539321,-0.197666
0.128642,-0.314,0.150534,-0.120308,0.214636,-0.0979967,0.0513315,-0.0890886,0.297457,0.275466,0.0553315,-0.302087,0.236798,0.139639,0,0.922927,0.256935,0.530509,0.213893,0.118988,0.245714,0.393952,0.279143,0.438921,-0.00520425,0.0131635,0.178382,0.169507,0.127746,-0.0120748,-0.0327217,-0.198778,0.124262,0.156886,-0.039227,-0.258021,0.0944124,-0.0515037,-0.0695499,0.0246121,-0.00702537,0.142264,-0.122006,-0.0537451,-0.16634,-0.243758,0.220232,0.104064,0.140243,0.240455,0.2069,0.158232,0.106598,-0.0394139,0.0955273,0.195984,-0.106737,-0.0914957,-0.135173,0.52267,0.209327,0.244644,0.165007,0.202065,0.293118,0.043355,0.160173,0.170973,0.179376,0.147793,0.0664494,0.0871264,-0.0787287,-0.201519,-0.311382,-0.136174,-0.293137,0.172181,0.029672,0.247073,0.00479233,0.342448,0.523032,0.22393,0.158441,0.175798,0.110805,-0.0208488,-0.0510774,0.140114,0.0852765,0.142412,0.126502,0.104913,-0.0266267,0.0635682,-0.00936469,0.100785,0.0179685,0.35715,0.324514,0.333451,0.284605,0.139742,0.213827,0.155066,-0.144805,-0.371104,-0.422817,-0.357656,0.244907,0.160748,0.245384,0.0181248,-0.261394,-0.261213,0,0,0,0,0.0168826,0,0,0,0.122695,0.215416,-0.0487263,-0.124079,-0.171187,-0.12856,0,0.0595168,0.124869,0.173496,0.132807,-0.00093052
-0.142024,-0.220739,0.161261,0.200541,0.170758,0.133153,-0.220141,-0.104706,0.298611,0.390028,-0.277148,-0.26937,0.206916,0.197754,0.922927,0,0.402879,0.721593,0.332686,0.232782,0.252963,0.554414,0.219437,0.444791,0.0299562,-0.0821975,-0.0912963,-0.102177,-0.168987,-0.320429,-0.234986,-0.401291,0.0732092,0.239954,-0.199019,-0.310761,-0.0690069,-0.123574,-0.225171,-0.127367,-0.126505,0.0609486,-0.246701,-0.135205,-0.26064,-0.281936,0.392841,0.41845,0.318856,0.237115,0.247099,0.361396,0.111647,0.163325,0.143325,0.20806,-0.0638051,0.0045985,0.0554641,0.333121,0.229638,0.232244,0.295484,0.159521,0.259908,0.0397098,0.157831,0.399901,0.290809,0.0674067,-0.0996754,-0.0567361,-0.261668,-0.177238,-0.283196,-0.00132427,-0.00669674,0.18966,0.171592,0.127224,0.103679,0.223504,0.349704,0.207796,0.167751,0.148966,0.1415,0.259943,0.285183,0.115963,0.202048,0.0112046,0.0525376,0.0131946,0.0219313,0.0661835,0.0626854,0.0599144,-0.0640694,0.3886,0.31279,0.281971,0.314653,0.0979887,0.115363,-0.0319883,-0.259515,-0.411907,-0.476325,-0.43263,0.0714896,0.134267,0.187441,-0.00108012,-0.198988,-0.25475,0,0,0,0,-0.0601257,0,0,0,-0.0188337,0.0709967,0.162371,-0.0330691,-0.301683,-0.133879,0,-0.112398,0.347048,0.202679,0.238826,0.0432763
-0.296861,-0.146061,0.015038,0.381288,-0.332262,-0.0234187,-0.152156,-0.0190707,0.168987,0.14377,-0.242838,-0.0840457,0.00091444,-0.0432628,0.256935,0.402879,0,0.890232,0.828692,0.657075,0.400032,0.362286,0.387748,0.328181,0.364791,0.169529,-0.271779,0.0868917,-0.052413,-0.245676,0.0367931,-0.0331341,-0.0862466,0.160018,-0.187192,-0.0128724,-0.0906064,0.00820951,-0.0879394,0.0252189,0.00924098,0.184292,0.0902655,0.0716464,0.145587,-0.0229068,0.151884,0.19278,0.283875,0.234908,0.1883,0.584013,-0.175973,0.00207642,0.234219,0.0093952,-0.0609108,0.0178993,-0.0110066,0.157719,0.232373,-0.233492,0.0775278,-0.0497541,-0.0830787,-0.00581871,-0.0538894,-0.024774,0.151351,0.286843,-0.13204,0.247901,-0.090295,0.119506,-0.166587,-0.303006,-0.0645828,0.2672,0.252884,0.294355,0.331306,0.218387,0.327865,0.281433,0.395502,0.402492,0.425535,0.275201,0.214155,0.277242,-0.0183197,-0.207327,-0.290369,-0.1082,-0.0569206,-0.00196032,0.0291122,-0.0263689,-0.170402,0.298759,0.122109,0.138207,0.0885891,-0.0955009,-0.150796,-0.509361,-0.00766889,-0.0837168,-0.354873,-0.311476,-0.509986,-0.331226,-0.278623,-0.234161,-0.430308,-0.223171,0,0,0,0,0.0251083,0,0,0,-0.107978,-0.184528,-0.0344711,-0.260439,-0.295246,-0.318076,0,-0.0927716,0.214761,0.148922,0.166716,0.155318
-0.112831,-0.365892,0.0369285,0.14706,-0.102076,-0.0671367,-0.0911775,-0.0831598,0.0308035,0.126543,-0.209885,-0.268638,0.0850631,0.0242604,0.530509,0.721593,0.890232,0,0.73901,0.685558,0.365809,0.574938,0.44288,0.524902,0.0659216,-0.066532,-0.222548,-0.0382106,0.0330804,-0.219225,0.0985594,-0.167065,0.0560079,0.290519,-0.0562385,-0.0310363,-0.128182,-0.0544078,-0.170885,-0.125594,-0.0263715,0.0520855,0.114416,0.0490314,-0.0668769,-0.234602,0.104309,0.232659,0.461936,0.320709,0.307189,0.45646,-0.0937642,-0.115843,0.0562462,0.296437,-0.091552,-0.105405,-0.143223,0.12673,0.0908838,0.159594,0.210813,0.073707,0.10194,-0.116961,-0.0539058,0.14776,0.167815,0.111013,-0.13122,0.0458124,-0.294309,-0.00375373,-0.187919,-0.306162,-0.297157,0.223307,0.24399,0.197013,0.257813,0.371975,0.529526,0.258947,0.29008,0.2777,0.380439,0.0841259,0.134328,0.163183,0.0252413,-0.0652489,-0.164003,-0.0847597,-0.141701,-0.00605559,0.0333108,0.0889027,-0.00737664,0.511308,0.311303,0.17066,0.159987,0.0584612,-0.02541,-0.13742,-0.254467,-0.263537,-0.340397,-0.312317,-0.229991,-0.122769,-0.00884493,-0.212617,-0.380855,-0.231694,0,0,0,0,-0.0234764,0,0,0,-0.0800985,-0.00713022,0.105865,-0.138281,-0.326073,-0.371199,0,-0.167603,0.28153,0.143657,0.390942,0.358791
-0.198434,0.0226808,0.11479,0.371565,-0.426808,-0.0503837,-0.0849789,0.118702,0.0488817,0.25454,-0.257194,0.0154695,0.036118,0.0115927,0.213893,0.332686,0.828692,0.73901,0,1.18991,0.271706,0.19625,0.500643,0.286568,0.0529815,0.0810948,-0.10956,0.201863,0.121388,-0.00634564,0.231713,0.0270814,0.0419018,0.187684,-0.10544,0.0357778,-0.283416,-0.192977,0.0022276,-0.00464236,0.00827372,0.212714,0.0975468,0.0607233,-0.0903182,-0.153984,-0.0746953,-0.0650453,0.220865,0.211639,0.192905,0.236213,-0.275318,0.00172092,0.118988,0.0314384,-0.218243,-0.134252,-0.205477,0.0900344,0.317396,-0.174343,0.107348,-0.121996,-0.215817,-0.181276,-0.180634,-0.160175,0.0923489,0.0592364,-0.219922,0.0595582,-0.135315,0.0495195,-0.0744689,-0.298138,-0.025208,0.332945,0.302197,0.312095,0.438999,0.347576,0.464456,0.338264,0.472015,0.537543,0.818464,-0.0493185,-0.0585661,0.144144,-0.0291377,-0.281732,-0.315376,-0.306933,-0.234597,-0.0485886,0.0189093,-0.0115599,-0.0284034,0.177822,0.0543808,-0.06058,-0.00674593,-0.226703,-0.186677,-0.379136,-0.125625,-0.226769,-0.393553,-0.207403,-0.377293,-0.263529,-0.356755,-0.290392,-0.462584,-0.325189,0,0,0,0,0.0546561,0,0,0,-0.217701,-0.184668,-0.0822903,-0.370409,-0.415109,-0.311576,0,-0.0742207,0.0956225,-0.0996121,0.205419,0.21202
-0.171411,0.100795,-0.00741018,0.209052,-0.48659,0.148547,-0.0603308,0.342965,-0.0610078,0.24487,-0.143536,0.139545,-0.0379441,-0.0286582,0.118988,0.232782,0.657075,0.685558,1.18991,0,0.265967,0.177403,0.396857,0.311136,-0.0609072,0.0865064,-0.0633329,0.303533,0.16082,0.0911672,0.325757,0.142663,0.0252953,0.0915381,0.00238507,0.155589,-0.24296,-0.0207431,0.00245177,0.15205,-0.0402394,0.315929,0.0679081,0.131836,-0.123825,-0.127925,-0.19154,-0.18501,0.155836,0.179162,0.183979,0.0888095,-0.400378,-0.0281861,0.0487988,-0.01061,-0.235228,-0.0340297,-0.0449628,-0.0669818,0.22296,-0.096843,0.165282,-0.0909078,-0.156502,-0.184194,-0.221157,-0.131653,0.0455566,0.0173168,-0.231064,0.0295813,-0.122449,0.0396559,-0.0469801,-0.309754,0.0578867,0.211747,0.172634,0.189475,0.419879,0.235784,0.343714,0.188439,0.327562,0.443366,0.797646,-0.0905169,-0.0755556,0.0211443,-0.0801204,-0.303613,-0.187994,-0.360239,-0.214382,-0.140532,0.0338928,-0.0278153,0.0332167,0.147275,0.116975,-0.10218,-0.0220622,-0.185007,-0.102741,-0.267633,-0.0672316,-0.114231,-0.240231,0.00145887,-0.242513,-0.1741,-0.326494,-0.204637,-0.425469,-0.171288,0,0,0,0,0.0442666,0,0,0,-0.134778,-0.0938738,-0.0621139,-0.247327,-0.23172,-0.195375,0,-0.0398303,0.0106038,-0.196828,0.24676,0.165047
0.372437,0.125768,-0.477478,-0.215659,-0.300481,0.0981132,-0.0292022,0.19152,0.252128,0.373431,-0.307198,-0.166206,0.0588668,-0.139329,0.245714,0.252963,0.400032,0.365809,0.271706,0.265967,0,0.67505,0.763772,0.565911,0.0394776,0.0279354,0.437592,0.526699,0.521128,0.36882,0.0216461,-0.150273,-0.0937063,0.015249,-0.198323,0.023906,-0.301633,-0.127827,0.0145028,0.0240552,0.422573,0.749703,0.360968,0.413361,-0.222401,-0.164577,0.245865,0.254977,0.500791,0.116848,0.072938,0.452699,0.188452,0.229853,0.281613,0.31708,0.134238,-0.0546138,-0.0397407,0.284762,0.387318,-0.341212,0.0239602,-0.411489,-0.280621,-0.369831,-0.0927275,-0.324937,0.0538706,0.0776055,-0.00286564,-0.159063,-0.297957,-0.324856,-0.51653,-0.554614,-0.0681903,0.0549614,0.0467779,-0.0655171,0.0989703,-0.162118,-0.126822,-0.124816,-0.0297413,0.073882,0.0802055,0.204991,0.200354,0.0427424,-0.179662,-0.124587,-0.11202,0.0581541,0.140826,0.166793,0.140163,0.257591,0.19263,-0.123346,-0.265828,-0.27037,-0.235654,0.0772081,0.032555,-0.430539,0.0306107,-0.356077,-0.118565,-0.291152,-0.355424,-0.188029,-0.353486,-0.520309,-0.321167,-0.264536,0,0,0,0,-0.00311445,0,0,0,0.0332766,-0.181005,-0.164247,-0.176754,-0.0763249,-0.121512,0,0.0880023,0.508542,0.388841,0.485551,0.4915
0.097244,0.0293397,-0.202812,-0.0915158,-0.0445567,0.0411073,-0.206541,0.201782,0.0439092,0.330254,-0.218507,-0.363286,0.109112,-0.024428,0.393952,0.554414,0.362286,0.574938,0.19625,0.177403,0.67505,0,0.279358,1.13638,0.122691,-0.160501,0.112208,0.209867,0.111346,-0.133726,-0.171529,-0.434455,0.0685272,0.156182,-0.0371781,-0.201611,0.0428426,-0.174034,-0.0925984,-0.134984,0.00380371,0.471656,0.100963,0.389668,-0.0345638,-0.266689,0.224338,0.362798,0.39436,0.194381,0.164178,0.459001,0.228811,0.155411,0.254755,0.31978,0.0422573,-0.0924525,0.0449024,0.136634,0.527411,-0.0200703,0.0739267,-0.191032,0.0114095,-0.298535,-0.00342399,0.103416,0.122486,0.00459735,-0.0858162,-0.0673882,-0.2248,-0.141109,-0.336853,-0.327739,-0.058419,0.103245,0.106676,0.0713555,0.121256,0.145826,0.128187,0.0930815,0.0555265,0.12045,0.0281277,0.22665,0.192076,0.286921,0.167333,-0.0199405,0.00969595,0.10397,0.175717,0.205134,0.198586,0.3142,0.173151,0.00247482,0.076546,0.0330144,0.0383178,0.141066,0.13601,-0.203848,-0.068669,-0.288068,-0.26673,-0.321528,-0.232154,-0.1089,-0.0890813,-0.408827,-0.227078,-0.314971,0,0,0,0,-0.195162,0,0,0,-0.0295167,0.0244683,-0.18328,-0.131274,-0.195873,-0.11734,0,0.0484787,0.514809,0.271436,0.628403,0.163289
0.458371,-0.0518872,-0.310166,-0.0700611,-0.232771,-0.169641,0.327093,0.0382609,0.2847,0.228898,-0.0746998,0.0119686,-0.134151,-0.266996,0.279143,0.219437,0.387748,0.44288,0.500643,0.396857,0.763772,0.279358,0,0.502436,0.204938,0.311553,0.449896,0.368025,0.756743,0.414446,0.378036,0.103762,-0.160587,-0.0780763,0.0354107,0.195189,-0.362275,-0.0823511,0.354166,0.252772,0.885491,0.543747,0.641814,0.280787,-0.207089,-0.140585,0.0410847,0.0295611,0.31166,0.0569033,0.0583065,0.291355,-0.0776577,-0.0693696,0.0405433,0.274893,0.10104,-0.0567772,-0.210106,0.421429,0.388556,-0.164387,0.0692267,-0.133323,-0.258085,-0.123395,-0.0907987,-0.375949,0.0304404,0.120824,-0.0976445,-0.00195216,-0.300119,-0.368368,-0.500274,-0.488527,-0.149736,-0.0481622,-0.0501141,-0.151388,-0.070401,-0.152056,0.0612097,-0.0885941,-0.0067595,-0.0321808,0.0858022,-0.0807131,-0.0328324,-0.232749,-0.456653,-0.136224,-0.199743,-0.147449,-0.121187,-0.0180709,-0.010971,0.168486,0.0490865,0.175821,-0.0870218,-0.167511,-0.148517,-0.0361727,-0.0683001,-0.322455,-0.0349373,-0.471094,-0.181417,-0.347033,-0.337891,-0.271881,-0.221497,-0.303498,-0.451138,-0.255372,0,0,0,0,-0.0433094,0,0,0,-0.116726,-0.231013,-0.0564114,-0.301283,-0.17462,-0.235315,0,-0.0323777,0.224288,0.280111,0.338857,0.721355
0.200261,0.110507,-0.243979,-0.117555,-0.194986,-0.0317557,-0.138663,0.287921,0.0123951,0.28484,0.0187318,-0.0723647,0.0681159,-0.048841,0.438921,0.444791,0.328181,0.524902,0.286568,0.311136,0.565911,1.13638,0.502436,0,0.0907927,0.0659354,0.229392,0.311067,0.310998,0.166787,0.0943846,-0.0782447,0.180291,0.152388,0.0835699,0.020404,0.0428186,-0.010343,0.061974,0.0308657,0.131959,0.584375,0.0783233,0.372009,-0.170192,-0.337586,0.163715,0.143331,0.253546,0.201654,0.162755,0.406233,-0.101122,-0.0395048,0.0591604,0.198169,-0.0440044,-0.0126248,0.0617425,0.244254,0.689544,0.0170249,0.157497,-0.206691,-0.0711497,-0.202334,0.0539268,-0.0052002,-0.0890288,-0.0219824,-0.136812,-0.113371,-0.300415,-0.310075,-0.433142,-0.422906,-0.0287578,0.072029,0.0509861,0.0318015,0.0361375,0.0713624,0.117171,0.00485768,-0.0480541,0.0842641,0.0154985,0.107703,0.121316,0.0591776,-0.0339521,-0.173137,-0.0814837,-0.177398,-0.0735434,0.0507599,0.0828289,0.170846,0.0837012,0.042237,0.0976841,0.0767032,0.0376462,-0.00393589,-0.0243803,-0.182136,-0.0843723,-0.318454,-0.236462,-0.263884,-0.171569,-0.127408,-0.134613,-0.338076,-0.340147,-0.31217,0,0,0,0,-0.0867706,0,0,0,-0.150048,-0.0681869,-0.199179,-0.172636,-0.186745,-0.178309,0,0.0756494,0.185815,0.12775,0.609106,0.151238
-0.0740119,0.108486,-0.0234475,0.189102,-0.0305435,-0.0590389,0.234664,-0.0531321,0.496496,0.0728204,-0.00810323,-0.00606386,-0.25433,-0.181744,-0.00520425,0.0299562,0.364791,0.0659216,0.0529815,-0.0609072,0.0394776,0.122691,0.204938,0.0907927,0,0.750512,0.114925,0.113923,0.0237523,-0.203052,-0.0667713,-0.0174772,-0.184689,-0.231936,0.0685699,-0.0585648,0.293136,0.133851,0.71153,0.488023,0.425147,0.167862,0.173364,0.141977,0.59608,0.403047,0.00560255,0.105892,-0.0820205,-0.286906,-0.263361,0.16903,0.0798773,0.130824,0.383518,-0.0265751,0.189548,-0.115842,-0.00658853,0.102088,0.171327,-0.26957,-0.163693,0.0245022,-0.00477735,0.22493,-0.039781,-0.00664973,0.290443,0.36749,0.264022,0.500299,0.371555,0.328648,0.016917,0.239022,0.0364775,-0.296707,-0.311586,-0.14056,-0.239651,-0.0563959,0.0144078,-0.0800898,-0.133881,-0.225431,-0.244075,0.0801377,0.132842,0.0294338,-0.0771355,0.157324,0.0148442,0.0179163,0.14015,-0.00553384,0.0106732,0.0511913,-0.115935,0.133996,0.09007,0.148658,0.10667,0.0546157,0.0658127,-0.213232,0.299342,0.152365,-0.0925062,-0.094729,-0.389272,-0.352452,-0.00706787,-0.0167519,-0.0785321,0.0941039,0,0,0,0,-0.199496,0,0,0,-0.0360813,-0.0172494,-0.0583118,-0.132291,-0.00099058,-0.0257143,0,-0.021292,0.171414,0.531519,-0.10197,-0.111607
0.131681,0.314612,-0.0854875,0.0577996,-0.136593,-0.0165557,0.157212,0.115894,0.39514,0.203579,0.327476,0.474867,-0.279825,-0.227602,0.0131635,-0.0821975,0.169529,-0.066532,0.0810948,0.0865064,0.0279354,-0.160501,0.311553,0.0659354,0.750512,0,0.341386,0.316756,0.254921,0.171736,0.174497,0.494617,-0.215294,-0.484858,0.167635,0.0974702,0.251616,0.446597,0.686622,1.00421,0.356524,0.289522,0.0627237,0.167055,0.179289,0.35354,-0.0439904,-0.152652,-0.235559,-0.244656,-0.277204,-0.0082744,-0.224104,-0.0671859,0.121647,-0.225707,0.0133486,-0.00700336,0.102778,0.206734,0.195113,-0.275413,-0.140097,-0.0991096,-0.0754332,0.307893,0.0474555,-0.115984,0.106105,0.205107,0.316653,0.262753,0.277672,0.00052448,0.00545048,0.2088,0.194017,-0.394041,-0.46065,-0.171613,-0.173102,-0.196742,-0.0940762,-0.254811,-0.278913,-0.248615,-0.182896,-0.00134381,0.037755,-0.180349,-0.171938,0.0242398,0.019558,-0.0936787,0.0351147,-0.133752,-0.128215,-0.0598974,-0.101296,-0.0130659,-0.0266487,0.0345792,-0.043034,-0.06187,-0.0355166,-0.183995,0.233236,0.0502156,0.0244132,-0.0271422,-0.249796,-0.251254,-0.0855615,0.0687769,-0.136438,0.08327,0,0,0,0,-0.0123533,0,0,0,-0.130583,-0.117092,-0.211843,-0.266338,0.00338182,0.00708651,0,0.0205025,-0.154969,0.222892,-0.18227,-0.210941
0.64948,0.336208,-0.463336,-0.624219,0.0460254,0.0849488,0.324492,0.265955,0.295126,0.296586,0.291776,0.0801926,0.0163364,-0.104586,0.178382,-0.0912963,-0.271779,-0.222548,-0.10956,-0.0633329,0.437592,0.112208,0.449896,0.229392,0.114925,0.341386,0,0.690288,0.723107,0.627973,0.0210572,0.0279298,-0.173773,-0.382936,0.152759,-0.0723778,0.0452461,-0.00959293,0.542519,0.478945,0.486884,0.646702,0.189065,0.220175,-0.149689,0.0196751,0.0422384,-0.10021,-0.210465,-0.0773704,-0.0969894,-0.280522,0.0233658,0.0946951,0.0660967,-0.0459147,-0.00419557,-0.0792529,-0.0481265,0.183446,0.251983,-0.233617,-0.245276,-0.353193,-0.280723,-0.0724756,0.0528415,-0.311694,0.00111481,-0.063219,0.151277,-0.113601,0.0345184,-0.246327,-0.207687,-0.0486656,0.0607015,-0.384275,-0.424022,-0.244609,-0.235793,-0.316672,-0.2503,-0.387422,-0.386754,-0.307906,-0.293546,-0.0670762,-0.130474,-0.0806978,-0.16433,0.0563515,0.0965757,0.0911264,0.141769,0.131998,0.09821,0.258007,0.26863,-0.253159,-0.285628,-0.278395,-0.365696,0.0145392,0.133759,-0.0650988,0.200374,-0.109007,0.243386,0.0724334,-0.0377239,-0.028569,-0.0137863,-0.0968061,0.0733018,0.0561176,0,0,0,0,-0.0653493,0,0,0,0.102435,0.0770659,-0.222255,-0.0352241,0.309409,0.145628,0,0.166212,-0.0672339,0.104336,-0.0699093,-0.0196677
0.249287,0.556466,-0.422457,-0.373185,-0.234061,0.209857,0.00490319,0.552457,0.154722,0.447988,0.0380893,0.0563533,-0.156143,-0.333004,0.169507,-0.102177,0.0868917,-0.0382106,0.201863,0.303533,0.526699,0.209867,0.368025,0.311067,0.113923,0.316756,0.690288,0,0.586226,0.59546,0.116813,0.0422927,-0.13836,-0.313569,0.168817,0.0772198,0.0751867,0.0293779,0.304985,0.525456,0.204792,0.992093,0.116811,0.344859,0.0509266,0.0461381,-0.0504147,-0.20434,-0.222756,-0.0584923,-0.0731488,-0.121229,0.0189781,0.258267,0.18329,-0.0804747,-0.0526103,-0.05334,-0.00345574,0.0339555,0.424731,-0.350213,-0.240068,-0.411125,-0.273865,-0.183825,-0.0969669,-0.477434,-0.153642,-0.0378344,0.00703089,0.058865,0.109122,-0.124234,-0.179253,-0.265834,0.102447,-0.160708,-0.249649,0.00237278,0.0163154,-0.0816417,-0.0390254,-0.270237,-0.177404,0.00137129,-0.0233012,0.0008152,-0.186231,0.0803644,-0.0900965,-0.052833,0.0529615,0.127007,0.227501,0.129565,0.177854,0.25596,0.297771,-0.362055,-0.329357,-0.366748,-0.321458,0.180684,0.267519,-0.116607,0.223365,-0.024382,-0.0143429,0.11484,-0.111934,-0.0911861,-0.296054,-0.232009,-0.179561,-0.051944,0,0,0,0,-0.0522101,0,0,0,0.112844,0.0507089,-0.449874,-0.247212,0.0989646,0.0903512,0,0.273008,0.0223407,0.117722,0.0359795,-0.11423
0.629854,0.19061,-0.401432,-0.474424,-0.148378,-0.136668,0.340362,0.199089,0.0113922,0.0454813,0.256771,0.0942522,0.00939093,-0.222517,0.127746,-0.168987,-0.052413,0.0330804,0.121388,0.16082,0.521128,0.111346,0.756743,0.310998,0.0237523,0.254921,0.723107,0.586226,0,0.87309,0.682994,0.248817,0.0517083,-0.09291,0.276067,0.119609,-0.122385,0.0180256,0.510731,0.315967,0.521132,0.556,0.531487,0.325932,-0.115868,-0.116633,-0.0744759,-0.25388,0.0306395,0.10057,0.044695,-0.0754678,-0.0626339,-0.082595,-0.0947325,0.128627,-0.102742,-0.100912,-0.189513,0.109301,0.313164,-0.0110691,-0.0689315,-0.246958,-0.220395,-0.253379,-0.180372,-0.576804,-0.172558,0.104065,0.0690071,-0.00584518,-0.169538,-0.258907,-0.435119,-0.482501,-0.255706,-0.103581,-0.171416,-0.14575,-0.124025,0.00746331,0.100958,-0.167402,-0.114309,-0.0366576,0.0352201,-0.209207,-0.36986,-0.0995446,-0.383678,-0.0436788,-0.0175248,-0.122921,-0.10048,-0.0612804,-0.0199936,0.225515,0.228,-0.0944534,-0.14896,-0.140909,-0.283259,0.0158503,0.0241387,0.0375347,-0.0825734,-0.262285,0.0714966,-0.082521,-0.0841701,-0.134871,-0.259396,-0.325809,-0.322897,-0.147158,0,0,0,0,0.049066,0,0,0,-0.0185306,-0.0546938,-0.417737,-0.338585,-0.0322629,0.00570466,0,0.134732,0.0638565,0.0357456,0.186616,0.321218
0.452508,0.383898,-0.554319,-0.642368,-0.197703,0.136172,0.234666,0.412112,0.0197471,0.059328,0.0876446,0.190308,-0.0109952,-0.142201,-0.0120748,-0.320429,-0.245676,-0.219225,-0.00634564,0.0911672,0.36882,-0.133726,0.414446,0.166787,-0.203052,0.171736,0.627973,0.59546,0.87309,0,0.461384,0.409917,-0.0259575,-0.164762,0.0491455,0.29535,-0.169073,-0.00717488,0.258436,0.22185,0.323718,0.479708,0.275888,0.353536,-0.314928,-0.0904211,-0.0706449,-0.364303,-0.00462555,-0.0340977,-0.0524448,-0.253929,-0.157753,0.0733605,-0.0825269,0.0795602,0.0454104,0.056104,-0.0407351,-0.095392,0.202096,0.00934129,0.0882799,-0.250418,-0.17937,-0.183708,0.00083506,-0.574068,-0.292214,0.133272,0.223076,-0.173683,-0.116698,-0.455283,-0.306523,-0.371246,-0.0966942,-0.230253,-0.312076,-0.283069,-0.225636,-0.232877,-0.183817,-0.441927,-0.346302,-0.166611,-0.0871907,-0.176135,-0.222091,-0.209387,-0.360344,-0.0837985,0.0207648,-0.0692381,0.0120378,-0.0575614,0.0262206,0.194743,0.343937,-0.201247,-0.2285,-0.200052,-0.246958,-0.0106821,0.00241679,0.0890989,0.081423,-0.0728078,0.265502,0.234913,0.126057,0.0787584,-0.17168,-0.102384,-0.0304037,0.101096,0,0,0,0,0.0888973,0,0,0,0.0305281,-0.0629871,-0.184731,-0.011781,0.236218,0.150679,0,0.248485,-0.130048,0.0236991,0.200222,0.208845
0.109748,-0.116253,-0.0704132,-0.117765,-0.318472,-0.313189,0.253314,0.0519374,-0.145093,-0.137524,0.209402,0.286052,-0.018457,-0.144247,-0.0327217,-0.234986,0.0367931,0.0985594,0.231713,0.325757,0.0216461,-0.171529,0.378036,0.0943846,-0.0667713,0.174497,0.0210572,0.116813,0.682994,0.461384,0,0.666548,0.280614,0.180342,0.280859,0.345289,-0.150527,0.103221,0.185815,0.06317,0.199206,0.0982168,0.465146,0.236914,-0.0472338,-0.0440694,-0.241946,-0.464502,0.13199,0.128822,0.128546,-0.0279435,-0.341549,-0.355179,-0.253597,0.252618,0.0035265,0.148815,-0.112391,-0.109172,0.0332904,0.152536,0.156947,0.0748743,0.00080188,-0.144198,-0.262172,-0.253353,-0.160943,0.243571,0.0165051,0.21723,-0.0626253,-0.184522,-0.238427,-0.50437,-0.37993,0.195312,0.103473,0.0270864,0.0463642,0.200065,0.266833,0.0126827,0.109942,0.164753,0.299415,-0.329996,-0.352745,-0.0899302,-0.22242,-0.119205,-0.156124,-0.293243,-0.358131,-0.334827,-0.223772,-0.0292079,0.0298461,0.131926,0.125006,0.0222029,-0.0196857,-0.215692,-0.203497,0.0877971,-0.0349115,-0.122806,-0.0857441,-0.10212,0.0918876,-0.0486634,-0.149803,-0.0823402,-0.366786,-0.158427,0,0,0,0,0.140107,0,0,0,-0.168713,-0.207423,-0.141151,-0.252581,-0.17887,0.0527467,0,-0.0355375,-0.114134,-0.162445,0.266777,0.43116
