attribute name,data type,value
Subject ID,id,6
Condition,category,controlled
Age,number,24
Hours Slept,number,8.0
Cort Delta,number,7.71831000
Experiment Day,category,day1
Scanned Timing,category,post
ROI-ROI Matrix,matrix,
0,0.603406,0.251199,0.0822172,0.456153,0.0953808,0.53423,0.197957,0.103295,0.327565,0.207433,0.159346,-0.219098,-0.228684,0.173777,0.111702,-0.105002,0.166692,0.246567,0.278561,0.396862,0.297636,0.741272,0.486121,0.34473,0.242589,0.732437,0.808004,0.760415,0.619718,-0.050433,-0.0450416,-0.238143,-0.184288,-0.168407,-0.262754,-0.101423,-0.00702459,0.369767,0.175699,0.668398,0.338366,0.00190752,0.139342,-0.0485735,0.056632,0.3346,0.300889,0.336677,-0.114618,-0.00167525,0.320413,0.695935,0.412589,0.349348,0.334228,0.00456964,0.246702,0.241954,0.825619,0.338879,0.474003,0.325277,0.162759,0.0997218,0.162661,0.111044,0.357507,0.406992,0.245611,0.293494,0.0240973,-0.101142,-0.222473,-0.189724,0.243355,0.0713719,0.0134992,-0.00642879,-0.0220395,0.0346687,-0.0925099,-0.0390845,-0.0288841,-0.0418982,-0.0677081,0.00382712,0.29879,0.14806,0.174844,0.305157,0.388527,0.290393,0.446833,0.323472,0.434228,0.269841,0.139044,0.228933,0.133367,0.0858042,0.0127582,0.1433,0.0598189,0.0199943,0.124065,0.257341,0.332417,0.456222,0.472052,-0.133287,-0.125733,0.043412,-0.141439,0.214907,0.0802831,0.194181,0.284493,0.224065,0.228285,0.282765,0.358966,0.0542189,-0.0337188,-0.0262031,-0.0734536,0.0999969,0.198837,0.373902,0.364526,0.464227,0.0170203,0.451758,0.0881544,0.314366,0.106364
0.603406,0,0.0697373,0.105008,0.230081,0.871392,0.176817,0.645267,0.0442427,0.343689,-0.173591,0.285449,-0.05828,-0.0413931,-0.080033,0.0368673,0.00998243,-0.00217935,0.0222848,0.0618142,0.223051,0.18228,0.215095,0.544075,-0.258838,-0.0173564,0.261633,0.343958,0.434198,0.48255,0.0755773,0.157446,-0.095937,-0.201058,-0.168303,-0.160213,-0.151684,-0.110867,-0.241285,-0.236284,0.23707,0.484914,0.00095632,0.501793,0.229756,0.193118,0.228037,0.225322,0.468072,0.0840472,0.263766,0.409327,0.614476,0.840464,0.520245,0.529962,0.126085,0.0556886,-0.0100364,0.398371,0.628293,0.204693,0.289764,0.0267435,0.269543,0.196784,0.14545,0.100782,0.144495,0.278597,0.10956,0.106025,0.0807305,-0.113647,-0.109168,-0.0310031,0.203622,-0.00471758,0.0263065,0.10187,-0.0176736,-0.00256969,-0.0371946,0.068624,-0.0139153,0.0948197,-0.0619714,0.134847,0.0239688,0.269588,0.317336,0.185763,0.378302,0.491139,0.590097,0.363464,0.38171,0.0399641,0.0215424,0.00872793,0.131409,-0.0595907,0.277026,0.362475,0.303057,0.0842095,0.27457,0.543552,0.237359,0.631533,0.116432,0.0511417,-0.0168932,-0.0618525,0.157993,0.230519,0.0188132,0.444796,0.0311433,0.297492,0.223258,0.425917,-0.0986013,-0.149431,-0.123373,-0.190155,0.190356,0.224665,0.257719,0.264225,0.518905,0.102039,0.652206,0.216263,0.733947,0.320702
0.251199,0.0697373,0,1.39492,0.135979,0.0508863,-0.050525,0.152328,0.181685,0.412005,0.516428,0.401296,0.315242,0.524711,0.386303,0.368143,0.594141,0.761679,0.597692,0.470718,0.184928,0.200391,0.159494,0.124211,0.40964,0.292382,0.181904,0.28035,0.00609966,0.00213674,-0.302387,-0.0776004,-0.0353892,0.202024,-0.336028,-0.33143,0.0449112,0.405406,0.150932,0.445392,0.0613532,0.154615,-0.305484,-0.212211,-0.144514,-0.142385,0.157406,0.147282,0.143266,0.644652,0.677262,0.0487102,0.416957,0.402634,0.688987,0.0647175,-0.172002,0.00381966,0.0689947,0.505617,0.537534,0.23642,0.158979,0.156468,0.110246,0.201241,0.159876,0.206234,0.156972,-0.0349432,0.105228,-0.167336,0.025086,-0.0176828,-0.0968994,0.608373,0.676544,1.11443,1.09661,0.684354,0.87724,0.902586,0.797062,0.940431,0.764942,0.634402,0.914011,0.044856,0.0658217,-0.0126524,-0.0143968,0.127918,0.0907689,0.246356,0.269164,0.410705,0.395533,0.485819,0.575128,0.349821,0.460907,0.470697,0.50522,0.0886307,0.102784,0.00540239,-0.0758868,-0.0757651,-0.122232,-0.108717,0.199265,0.200509,0.309632,0.127516,0.183278,0.0423684,0.038623,-0.0491207,0.0615924,-0.0901315,0.15839,0.0186984,0.130162,-0.0502971,-0.0704288,-0.0356123,0.0959066,0.264944,0.070653,0.189222,0.154534,0.258523,0.263089,0.0671792,-0.126954,-0.297993
0.0822172,0.105008,1.39492,0,0.0350195,0.140822,-0.205442,0.130448,0.160666,0.307838,0.376328,0.3524,0.35977,0.516201,0.263673,0.308986,0.537862,0.615352,0.454963,0.308452,0.0651583,0.0475317,-0.0550523,-0.0169233,0.162909,0.115953,-0.0313876,0.0930244,-0.121694,-0.154328,-0.381147,-0.0773405,0.0341145,0.256159,-0.248973,-0.269499,-0.0683409,0.308435,-0.0554888,0.206962,-0.144161,0.0791076,-0.337469,-0.200881,-0.0452249,-0.0814172,0.107946,0.104903,0.104221,0.693832,0.753877,0.0395043,0.37415,0.50371,0.838157,0.0776572,-0.0812793,-0.0348234,0.0191582,0.335789,0.619979,0.143432,0.0441584,0.176225,0.125285,0.220772,0.238883,0.018974,0.0125726,-0.0199558,0.032877,-0.15017,0.119707,0.0629459,-0.0379746,0.525251,0.891625,1.01323,1.10705,0.776023,0.901598,0.970177,0.969487,0.9414,0.902223,0.666222,0.904218,-0.038719,-0.00701104,0.0726812,0.0119261,0.104224,0.103396,0.229725,0.305645,0.329411,0.412698,0.39275,0.472393,0.295332,0.513654,0.434126,0.390611,0.0793136,0.17097,-0.0367496,0.0317579,-0.00915756,-0.215233,-0.148639,0.219081,0.236465,0.293628,0.136129,0.203193,0.115933,-0.0720296,0.00765221,0.0128285,-0.0480404,0.163027,0.0747035,0.0992444,-0.0671343,-0.057779,-0.0508621,0.129684,0.276455,0.00254772,0.0689354,0.0952713,0.310797,0.316099,0.0528358,-0.171537,-0.312293
0.456153,0.230081,0.135979,0.0350195,0,0.47499,0.602713,0.292826,0.496987,0.199974,0.435776,0.322096,-0.0356982,-0.0665071,0.431864,0.546992,0.0187532,0.266279,0.321064,0.419112,0.660754,0.609567,0.462071,0.517176,0.331815,0.0673328,0.543664,0.342946,0.278449,0.243773,0.0912584,0.116842,0.0783551,-0.0213648,0.164675,-0.0652324,0.214834,0.2438,0.322016,0.322015,0.607414,0.621196,-0.278238,-0.0903103,-0.0534693,-0.0957455,0.327049,0.161494,0.538648,0.114105,0.108284,0.324377,0.76141,0.46216,0.317259,0.336618,-0.0681995,0.0885245,-0.208808,0.730311,0.471999,0.14445,0.348248,0.162913,0.0697375,0.253463,0.0876678,0.183048,0.0888675,0.0346932,0.253147,0.114423,0.201805,-0.0239399,-0.046788,0.113624,0.0126225,0.01071,-0.0133867,0.0172435,-0.00177819,0.017754,0.0518994,0.138588,0.123196,0.0928551,0.101264,0.106037,-0.0757944,0.0842168,-0.173151,0.222968,0.128667,0.223865,0.109491,0.186476,0.119492,0.030347,0.0511525,0.0287774,-0.00763804,0.0456195,0.208814,0.117459,0.127547,0.0771628,0.128573,0.15692,0.00851269,0.02339,-0.0377523,-0.137297,-0.00662274,-0.181937,0.101306,-0.0452308,0.171478,0.0302546,0.0358895,-0.027415,0.127668,0.134327,0.0728224,-0.080167,-0.115612,-0.00589571,0.093516,-0.0407171,-0.1673,0.0952732,0.266956,0.0141289,0.390728,0.236887,0.284385,-0.00512688
0.0953808,0.871392,0.0508863,0.140822,0.47499,0,0.118495,0.839223,0.314838,0.382715,-0.0448334,0.41769,0.142399,0.158259,0.0587525,0.273983,0.0989771,0.0236561,0.0746609,0.126339,0.242733,0.264924,-0.0425681,0.477359,-0.236462,-0.0609626,0.0658792,0.028517,0.127668,0.180826,0.211555,0.326998,0.188993,0.00293733,0.0127138,0.00783773,-0.0128876,0.0608325,-0.388209,-0.122859,0.0838805,0.598735,-0.314417,0.333782,0.177378,0.0150163,0.0798561,0.0344508,0.462732,0.232203,0.374819,0.351661,0.496252,0.832782,0.477132,0.401266,-0.0388363,-0.219928,-0.296878,0.284317,0.777204,0.00181708,0.182153,0.0204847,0.24291,0.18349,0.118631,-0.0844739,-0.131792,0.0953316,0.035284,0.0816143,0.225383,0.0443663,-0.0628262,-0.0609711,0.287374,0.0635661,0.110051,0.134614,0.00373394,0.0769396,0.0108268,0.224087,0.14242,0.253783,0.0395023,-0.177,-0.250165,0.0992055,-0.118038,0.0561909,0.25026,0.310348,0.386587,0.12143,0.188506,-0.00131799,-0.0935518,0.00678284,0.155816,-0.0199883,0.313994,0.274973,0.294512,0.0156621,0.148996,0.383075,-0.0869637,0.295809,0.236225,0.0637714,0.0203404,-0.0694877,0.0929481,0.106595,0.0363887,0.234173,-0.0720383,0.0631488,0.112387,0.167991,-0.114043,-0.160548,-0.0898851,-0.115557,0.180917,0.0822851,-0.0925807,-0.0096932,0.294162,0.194091,0.535497,0.16432,0.655931,0.141144
0.53423,0.176817,-0.050525,-0.205442,0.602713,0.118495,0,0.358086,0.114219,-0.0346969,0.256615,-0.145518,-0.0355459,-0.149317,0.0373669,-0.0349859,-0.181903,-0.126184,0.0938324,-0.0675055,0.184483,0.0816796,0.5516,0.233942,0.191993,-0.0204473,0.308456,0.231622,0.362029,0.467765,0.213612,0.252713,-0.0381321,0.0331751,0.1509,0.0802607,0.031085,0.102971,0.25253,0.107571,0.600383,0.172231,0.234279,0.160693,0.133002,0.284754,0.29694,0.109903,0.298486,-0.26577,-0.199045,0.177735,0.369087,0.0717949,0.0147066,0.113712,-0.0919784,0.0503068,-0.0701806,0.214414,-0.0345309,0.1418,0.277168,0.0909609,0.0485831,0.234146,0.182737,0.0905919,0.192374,0.135429,0.355073,0.180003,0.185734,0.185552,0.173258,0.14959,-0.190019,-0.204148,-0.138947,-0.228801,-0.198412,-0.175217,-0.0956643,-0.0930063,-0.0512748,-0.132971,-0.0671013,0.059915,-0.106311,0.129993,0.114043,0.0886061,-0.110794,0.0514185,-0.112287,-0.109604,-0.230547,-0.174585,-0.134023,-0.0956292,-0.218167,-0.384464,-0.15406,0.0130501,-0.180736,0.113561,-0.0447415,0.00029653,-0.070283,-0.0796739,-0.238733,-0.179029,-0.144764,-0.257131,-0.0349804,-0.101014,0.131751,0.029662,0.0153112,-0.0836127,0.00978489,0.0270436,-0.17547,0.0131087,-0.0669426,-0.110777,-0.0794445,-0.226112,-0.126727,0.0101415,0.0730871,-0.0444347,0.0778631,-0.159321,0.241227,0.272076
0.197957,0.645267,0.152328,0.130448,0.292826,0.839223,0.358086,0,0.310948,0.464207,0.128253,0.224498,0.205956,0.30106,0.103699,0.110971,0.225378,0.10612,0.139155,0.0278389,0.198943,0.102133,0.0793713,0.260872,-0.0855623,0.146345,0.094809,0.0555485,0.147136,0.275619,0.236495,0.404324,0.211559,0.199044,-0.0789644,0.136691,0.0359019,0.297273,-0.297302,0.0353274,0.134904,0.277936,-0.104163,0.392938,0.075815,0.104065,0.200081,0.181955,0.267863,0.156441,0.26782,0.217194,0.291549,0.410338,0.249428,0.191337,-0.0529577,-0.136036,-0.114963,0.134118,0.328913,0.148957,0.248047,0.166929,0.351055,0.190969,0.239198,0.127432,0.105635,0.171314,0.216341,0.0652637,0.113123,0.0554297,0.0342366,0.00671402,0.309954,0.135717,0.194341,0.138631,0.13968,0.0607037,0.0811658,0.293648,0.191982,0.273834,0.172881,-0.00589381,-0.0387472,0.0546746,0.011535,0.104136,0.176298,0.269929,0.367263,0.15589,0.152513,0.0468393,0.0210947,0.0971379,0.0686713,0.0367024,0.27412,0.287716,0.169514,0.107554,-0.0496113,0.180421,-0.0766574,0.204546,0.123518,0.0504767,0.0351263,0.0165719,0.00680788,0.107637,0.0807753,0.316937,-0.0110162,0.0702376,0.133656,0.103858,-0.0595798,0.0480787,-0.0994614,-0.0598962,0.0581326,-0.0354961,0.0493831,0.164672,0.256458,0.149859,0.168744,-0.111199,0.431354,0.248788
0.103295,0.0442427,0.181685,0.160666,0.496987,0.314838,0.114219,0.310948,0,0.682295,0.612139,0.600571,0.0720198,0.181699,0.664885,0.657131,0.297243,0.529889,0.299947,0.595693,0.638299,0.553483,0.238796,0.353054,0.472509,0.338601,0.466812,0.241042,0.128115,0.0716233,-0.0464664,-0.0456583,0.182334,0.134058,0.0576943,0.157344,0.304187,0.534086,0.140241,0.584166,0.273072,0.387691,-0.312512,0.00313072,-0.084796,-0.0957674,0.164732,0.0905271,0.138501,0.0839746,0.104527,0.117154,0.17843,0.108779,-0.0277724,-0.104583,-0.321314,-0.114363,-0.104321,0.363987,0.377261,0.124223,0.128174,0.167156,0.144402,0.0442125,0.0780136,0.288848,0.0754983,0.0538143,0.24291,-0.164994,0.0491227,0.0226345,-0.0693111,-0.0388923,0.189276,0.266917,0.217744,0.212843,0.290924,0.117836,0.179334,0.208257,0.251638,0.258313,0.292194,0.0057847,-0.0419291,-0.0178137,-0.132718,0.0812903,0.104357,0.0958183,0.074643,0.158166,0.156157,0.0940485,0.0974765,0.213196,0.0771279,0.253414,0.234362,-0.0396668,0.0436269,-0.00615543,-0.214601,-0.104249,-0.104112,0.0187486,-0.00976799,-0.113624,-0.0587847,-0.285528,-0.165278,-0.212752,-0.093563,-0.107469,0.013837,-0.0760071,0.233682,0.157085,0.243742,0.137078,-0.0695667,-0.125565,-0.0312976,-0.188314,-0.223336,-0.00856416,0.197783,0.183201,-0.0115721,0.00894446,0.0174276,-0.198329
0.327565,0.343689,0.412005,0.307838,0.199974,0.382715,-0.0346969,0.464207,0.682295,0,0.398162,0.77734,-0.0533042,0.207062,0.43755,0.436024,0.355094,0.512248,0.382438,0.709445,0.507944,0.546579,0.369946,0.599531,0.525907,0.836368,0.538163,0.580875,0.478685,0.330923,0.0685072,0.0543143,-0.0166296,-0.0929197,-0.104805,0.00730403,0.291619,0.436809,-0.0848161,0.523806,0.376669,0.409267,-0.278132,0.219196,-0.129785,-0.121332,-0.00552945,0.0297049,0.140828,0.118794,0.202856,0.203852,0.170401,0.200762,0.0893861,-0.0192937,-0.474314,-0.169637,0.038547,0.52082,0.51651,0.396096,0.282106,0.0448806,0.115801,-0.0898949,-0.0752239,0.447711,0.278812,0.167574,0.219239,-0.230268,-0.142942,-0.269936,-0.356365,-0.0656798,0.233433,0.388071,0.331169,0.316139,0.35538,0.307591,0.214675,0.309879,0.26005,0.2931,0.326908,-0.0588,-0.0640343,-0.154091,-0.147026,0.155082,0.205925,0.121691,0.204319,0.368553,0.286,0.313263,0.295639,0.326939,0.163052,0.263098,0.374897,-0.00400303,0.00603601,0.0552595,-0.156007,0.0465935,0.167088,0.403319,-0.0173133,-0.0963047,-0.0244457,-0.20251,0.0352048,-0.0792973,-0.0469634,0.0184375,0.100697,0.0621358,0.383126,0.236941,0.143784,0.0411653,0.0450595,-0.114863,-0.0313205,0.089791,0.127857,0.221573,0.439555,0.189762,0.0718154,0.012929,0.264374,-0.106447
0.207433,-0.173591,0.516428,0.376328,0.435776,-0.0448334,0.256615,0.128253,0.612139,0.398162,0,0.520714,0.301691,0.356918,0.531024,0.433726,0.234126,0.486966,0.440407,0.474657,0.277033,0.241561,0.297113,0.0859155,0.707029,0.380593,0.382018,0.278961,0.126652,0.0500113,-0.0976617,-0.025463,0.159582,0.332939,0.0580918,-0.00588008,0.389356,0.534721,0.463699,0.891995,0.212965,0.173635,-0.382922,-0.41597,-0.138014,-0.0861019,0.130105,0.143076,0.12777,0.238812,0.137106,-0.0222364,0.234666,0.070737,0.155689,-0.199832,-0.462541,0.0700736,0.0781668,0.437639,0.254268,0.235684,0.218086,0.0973396,-0.133694,0.0299233,0.0626258,0.306268,0.137942,0.0842786,0.29916,-0.0964356,0.0886633,0.0114226,0.00823942,0.480156,0.377226,0.456245,0.392445,0.478113,0.664968,0.329044,0.333384,0.484547,0.444933,0.402462,0.721535,0.0931438,0.0315159,0.049281,-0.0662369,0.121792,0.0053143,0.0784346,0.00751427,0.144453,0.0724143,0.242812,0.160965,0.103076,0.0681607,0.307455,0.254652,-0.0796381,-0.122048,-0.157972,-0.167572,-0.13372,-0.0525311,-0.141105,-0.00568299,-0.0243624,-0.094525,-0.205231,-0.0574735,-0.27488,0.122076,-0.29308,-0.0715213,-0.286446,-0.0255913,-0.176128,0.124947,0.034576,-0.138219,-0.11396,-0.142995,-0.127033,-0.140847,-0.0494483,-0.0481159,-0.0160721,-0.0164204,-0.0749609,-0.351428,-0.496792
0.159346,0.285449,0.401296,0.3524,0.322096,0.41769,-0.145518,0.224498,0.600571,0.77734,0.520714,0,0.0987677,0.334655,0.443096,0.582786,0.238842,0.617875,0.422738,0.933156,0.4038,0.635248,0.302772,0.590664,0.382358,0.304126,0.457066,0.449516,0.161344,-0.0059741,-0.227066,-0.319153,-0.00124941,0.00557533,-0.118462,-0.165285,0.275115,0.315968,0.244719,0.553489,0.259706,0.749398,-0.641818,-0.177004,-0.104882,-0.307241,0.137204,0.179164,0.106643,0.252164,0.330396,-0.0277854,0.33213,0.442573,0.284851,-0.00611068,-0.523707,-0.0238524,-0.0773398,0.505182,0.765901,0.0688986,0.0370617,-0.26321,-0.152644,-0.104875,-0.201168,0.0772042,0.0268768,-0.0635052,-0.0677497,-0.248737,-0.0849556,-0.18328,-0.382823,0.158372,0.378602,0.445311,0.37141,0.455166,0.454605,0.199252,0.104301,0.348503,0.293731,0.328706,0.406031,0.0724683,0.00232678,0.0470264,-0.120895,0.139978,0.218917,0.287109,0.377142,0.290207,0.276041,0.225162,0.224712,-0.0177314,0.00235557,0.153587,0.31225,0.0699479,0.0943439,-0.131153,-0.230755,-0.00503424,0.0336246,0.182712,0.143823,0.0122612,-0.201931,-0.306268,-0.0958447,-0.19064,0.0132406,-0.0937415,-0.150259,-0.194816,0.0289824,-0.00674412,0.0882899,-0.145538,-0.0152861,-0.254817,-0.123356,-0.0145942,-0.0632527,-0.00685688,0.14744,0.101612,0.245334,0.256281,0.0813476,-0.401334
-0.219098,-0.05828,0.315242,0.35977,-0.0356982,0.142399,-0.0355459,0.205956,0.0720198,-0.0533042,0.301691,0.0987677,0,1.17826,-0.174593,-0.0630889,0.0968553,0.0699833,0.116783,-0.140844,-0.355359,-0.34084,-0.438365,-0.323931,-0.0824609,-0.143005,-0.250538,-0.337696,-0.319534,-0.242915,-0.116226,0.138392,0.565483,0.864598,-0.115878,-0.210734,-0.0849828,0.077536,-0.0269834,0.0351956,-0.505549,-0.181239,-0.309577,-0.350643,-0.0867193,-0.103779,-0.0255053,0.0135756,-0.0314673,0.526211,0.491127,-0.163184,-0.0593511,0.0663558,0.176974,-0.229227,-0.109628,-0.0522332,0.0157949,-0.174907,0.0321704,-0.116412,-0.0979812,0.0626949,-0.0277237,0.144205,0.221984,0.045882,-0.125939,0.115022,-0.00785823,-0.0352773,0.190874,0.169027,0.149984,0.371217,0.414281,0.466166,0.516992,0.532755,0.414902,0.308523,0.323827,0.567481,0.593042,0.626683,0.600892,-0.0810711,0.0343951,0.0178099,-0.0919201,-0.233311,-0.194403,-0.0512009,0.0436029,0.0750934,0.121562,0.0243036,-0.0514032,0.130168,0.281408,0.145853,0.230806,-0.0380574,0.0194963,-0.292149,0.0572878,0.0556493,-0.176648,-0.0785408,0.096737,-0.00284674,-0.0129536,0.105648,0.103155,0.100749,0.159154,0.0523913,-0.0089879,-0.200517,-0.138588,-0.263538,-0.0925057,-0.0372699,-0.195722,0.0993472,0.143476,0.160468,0.00339486,-0.100895,-0.186204,0.0625533,-0.0987644,-0.222355,-0.345442,-0.301508
-0.228684,-0.0413931,0.524711,0.516201,-0.0665071,0.158259,-0.149317,0.30106,0.181699,0.207062,0.356918,0.334655,1.17826,0,0.00961566,0.0798796,0.446419,0.404577,0.300954,0.133968,-0.165492,-0.0936636,-0.228598,-0.138572,0.120752,0.0925039,-0.10034,-0.107992,-0.241438,-0.184276,-0.181211,0.0279473,0.42134,0.782226,-0.252927,-0.164343,0.0637656,0.380793,-0.0651836,0.246317,-0.340384,-0.056829,-0.425694,-0.294211,-0.167808,-0.232409,-0.0242571,0.025603,-0.109284,0.723062,0.691719,-0.186716,-0.0453516,0.0941758,0.178446,-0.216395,-0.263229,-0.137253,-0.0610869,-0.0968414,0.16002,-0.0039154,-0.0483081,-0.0423113,-0.072609,0.060188,0.120523,0.18352,0.0600774,0.0740717,-0.0643049,-0.163363,0.0495673,0.06629,-0.028954,0.288545,0.47007,0.680356,0.769998,0.604765,0.593886,0.517204,0.480782,0.696022,0.679485,0.672398,0.757372,-0.0734256,0.0415001,-0.0556828,-0.172116,-0.132035,-0.0454479,0.00793918,0.177771,0.236089,0.317226,0.208244,0.248236,0.225189,0.274842,0.361981,0.360481,-0.0127163,0.0702506,-0.186319,-0.132089,-0.0776248,-0.192077,-0.0745524,0.159056,0.0131064,-0.0154372,0.0602247,-0.0024989,0.0825546,0.0858828,-0.0216367,-0.0276887,-0.176555,-0.050883,-0.229588,-0.0407558,-0.0414535,-0.158159,0.0589418,0.112349,0.112615,-0.0229075,-0.0468347,-0.0888052,0.0882099,-0.13995,-0.134519,-0.298563,-0.334096
0.173777,-0.080033,0.386303,0.263673,0.431864,0.0587525,0.0373669,0.103699,0.664885,0.43755,0.531024,0.443096,-0.174593,0.00961566,0,1.41923,0.560541,0.681352,0.650415,0.893499,1.06026,0.816656,0.467611,0.361045,0.538814,0.419508,0.516988,0.370132,0.0367348,-0.0128049,-0.0600545,-0.186752,-0.131866,-0.0620547,-0.117478,-0.0647617,0.277187,0.455996,0.332541,0.766733,0.45016,0.387598,-0.25647,-0.0751982,-0.0074805,-0.0796068,-0.0161307,-0.0674094,0.230287,0.068156,-0.00275717,0.222864,0.361822,0.182343,0.140115,0.106323,-0.166387,-0.0955818,-0.209871,0.59903,0.39544,0.269668,0.331569,0.282463,0.156727,-0.0984761,-0.100773,0.240544,0.0116301,-0.118035,0.352518,0.0246232,0.189051,0.102565,-0.00137251,0.147293,0.151898,0.300765,0.230773,0.112454,0.316792,0.269384,0.249205,0.27223,0.265417,0.240891,0.314746,-0.0972003,-0.159474,0.0165072,-0.101772,0.11813,0.101051,0.0741871,0.0420526,0.198107,0.138534,0.359147,0.311791,0.304442,0.187487,0.557137,0.451169,0.115057,0.109319,0.217762,-0.128352,-0.0925541,-0.0977203,-0.0650522,0.0797466,0.10502,0.0537627,-0.040682,0.0323468,-0.0544826,0.135979,-0.142655,0.219836,0.0687983,0.232049,0.124934,0.34363,0.299081,-0.136149,-0.13353,-0.0356222,-0.185097,-0.131881,0.172519,0.200495,0.147958,0.194389,0.247939,0.00025752,-0.156175
0.111702,0.0368673,0.368143,0.308986,0.546992,0.273983,-0.0349859,0.110971,0.657131,0.436024,0.433726,0.582786,-0.0630889,0.0798796,1.41923,0,0.460993,0.695005,0.57558,0.973709,1.00518,0.971143,0.371674,0.467501,0.363498,0.24626,0.441078,0.305313,-0.0293588,-0.0929399,-0.0562396,-0.14761,-0.0174949,-0.0322038,-0.0829683,-0.0926641,0.283426,0.380813,0.273875,0.599929,0.371912,0.511546,-0.38112,-0.0913289,0.00702453,-0.16602,0.0179313,-0.0780231,0.328126,0.134909,0.090646,0.270961,0.470968,0.357944,0.236697,0.179935,-0.143221,-0.131126,-0.315318,0.634802,0.621258,0.188388,0.355668,0.159658,0.194507,-0.0420226,-0.0924697,0.197193,-0.0882854,-0.154612,0.240823,0.0159268,0.247748,0.119293,0.00059313,0.114746,0.177226,0.293815,0.243967,0.136458,0.24357,0.260286,0.222489,0.283255,0.252272,0.260944,0.256019,-0.155457,-0.223293,0.0842489,-0.117841,0.10226,0.143924,0.0749367,0.102304,0.167055,0.153454,0.317068,0.317172,0.195827,0.22706,0.444527,0.478464,0.128149,0.18413,0.217237,-0.036673,0.0105288,-0.137319,-0.0277979,0.206634,0.114191,0.110515,-0.0583343,0.0657708,-0.035929,0.156988,-0.127116,0.217793,0.0520271,0.233105,0.150492,0.322273,0.171113,-0.0997056,-0.100817,0.0710653,-0.134443,-0.198295,0.162872,0.218037,0.216905,0.329522,0.334989,0.0647046,-0.191641
-0.105002,0.00998243,0.594141,0.537862,0.0187532,0.0989771,-0.181903,0.225378,0.297243,0.355094,0.234126,0.238842,0.0968553,0.446419,0.560541,0.460993,0,0.720012,0.46581,0.477743,0.442567,0.213436,0.024167,0.0406799,0.267609,0.315209,0.103481,0.0692615,-0.158618,-0.0234806,-0.0238868,0.0336492,0.099058,0.159212,-0.175366,0.0173088,0.232445,0.57193,-0.142732,0.408108,0.00708522,0.0820306,-0.139765,0.0341923,0.0746945,0.0472264,-0.0798512,-0.0746082,0.19294,0.521113,0.45985,0.101276,0.163517,0.219018,0.253664,0.0395247,-0.0608473,-0.26033,-0.181985,0.0811283,0.272892,0.214039,0.169142,0.190101,0.193702,-0.00795531,0.0679068,0.291194,0.13121,-0.0369964,0.155744,-0.114037,0.147602,0.0520657,-0.00300047,0.104819,0.348867,0.533135,0.579443,0.355193,0.488798,0.838231,0.730971,0.554139,0.505313,0.529307,0.585725,-0.144567,-0.0678562,-0.0910252,-0.106353,-0.0277142,0.0641771,0.0139225,0.125988,0.244912,0.352881,0.291818,0.415842,0.420388,0.353072,0.586283,0.519416,0.239296,0.414002,0.157413,-0.111241,-0.124934,-0.14209,-0.0844523,0.264623,0.166891,0.297693,0.189721,0.121234,0.165939,0.0466292,0.0257916,0.261006,0.232384,0.256469,0.140626,0.224622,0.212674,-0.0848905,0.121817,0.240864,0.111928,0.0507277,0.320465,0.267069,0.061193,0.144701,0.0960831,-0.036622,0.0213523
0.166692,-0.00217935,0.761679,0.615352,0.266279,0.0236561,-0.126184,0.10612,0.529889,0.512248,0.486966,0.617875,0.0699833,0.404577,0.681352,0.695005,0.720012,0,0.548946,0.928046,0.597438,0.54948,0.343359,0.262487,0.542343,0.321502,0.428786,0.397157,0.0350626,-0.0233488,-0.231773,-0.166621,0.137877,0.26399,-0.150658,0.0111145,0.272075,0.600069,0.345391,0.668263,0.216071,0.260039,-0.364414,-0.178443,-0.159425,-0.157011,0.130993,0.0682319,0.13089,0.431955,0.440814,0.101819,0.25834,0.214589,0.262858,-0.013566,-0.185041,-0.0649631,-0.0928132,0.435428,0.471276,0.281469,0.191193,0.0721844,0.107293,0.0229871,0.00616733,0.384833,0.26724,-0.00136567,0.155303,-0.220326,0.00133676,-0.124091,-0.148558,0.282366,0.411397,0.551879,0.56342,0.383906,0.500474,0.524766,0.585406,0.45865,0.438464,0.416553,0.567405,0.062917,0.0634042,-0.0684053,-0.0847078,0.231188,0.264856,0.166609,0.226446,0.42308,0.417327,0.377173,0.540869,0.227444,0.187458,0.45606,0.362833,0.146324,0.264725,0.0850071,-0.185072,-0.147639,-0.0727977,-0.0283709,0.165406,0.0415477,0.167387,0.0153452,-0.0913988,-0.115185,-0.0567285,-0.111405,0.0892871,0.0169888,0.261192,0.180699,0.318059,0.0854734,0.051507,0.0632986,0.0621679,-0.00559867,-0.0350623,0.153536,0.195139,0.108753,0.0684639,0.180401,-0.146186,-0.25554
0.246567,0.0222848,0.597692,0.454963,0.321064,0.0746609,0.0938324,0.139155,0.299947,0.382438,0.440407,0.422738,0.116783,0.300954,0.650415,0.57558,0.46581,0.548946,0,0.690038,0.408448,0.371334,0.390527,0.312812,0.564977,0.233217,0.386715,0.333753,0.00105816,-0.00093425,-0.0913817,-0.129312,0.0449348,0.16707,-0.1215,-0.278293,0.0928141,0.397902,0.304247,0.563195,0.259042,0.368354,-0.427581,-0.197533,0.0526958,-0.0891059,0.0443838,-0.0544355,0.216652,0.308465,0.252633,0.186486,0.338925,0.261843,0.332931,0.0518737,-0.314877,-0.105601,-0.146928,0.540281,0.341154,0.115773,0.116604,0.075436,-0.00192963,0.0683992,-0.0294094,0.26139,0.15206,-0.0576555,0.181571,0.0993418,0.160163,0.203134,-0.0138068,0.338526,0.220681,0.584986,0.530429,0.300042,0.408972,0.437618,0.320415,0.613396,0.628467,0.567686,0.575526,-0.149798,-0.211895,0.135967,-0.0519207,-0.0226503,-0.0867993,0.101821,0.0749941,0.110846,0.0604393,0.269929,0.20685,0.323792,0.292447,0.348749,0.47039,0.152587,0.138613,-0.0325306,-0.00890193,0.0419406,-0.0653025,0.00644385,0.042514,0.0692493,0.0501027,0.0530939,0.186845,0.115986,0.205909,-0.0617108,0.142572,0.00685284,0.0614252,-0.0455364,0.0260319,-0.0168068,-0.150347,-0.130048,0.00586372,-0.0529573,-0.073765,0.0928726,0.0645494,0.142602,0.175335,0.155381,0.0287823,-0.335119
0.278561,0.0618142,0.470718,0.308452,0.419112,0.126339,-0.0675055,0.0278389,0.595693,0.709445,0.474657,0.933156,-0.140844,0.133968,0.893499,0.973709,0.477743,0.928046,0.690038,0,0.874369,0.973873,0.601956,0.715049,0.826681,0.525596,0.677727,0.639409,0.214017,0.0997193,-0.151435,-0.357248,-0.0912252,-0.139571,-0.0852501,-0.199937,0.337566,0.36882,0.483538,0.946649,0.552055,0.680861,-0.561524,-0.183347,-0.178263,-0.367419,0.0270552,-0.00410806,0.190336,0.239202,0.240898,0.11715,0.387145,0.291056,0.194939,0.0334433,-0.468401,-0.121887,-0.166216,0.675361,0.572831,0.151278,0.159499,-0.158957,-0.118348,-0.179221,-0.265483,0.23584,0.0861132,-0.170978,0.0746933,-0.243021,-0.104299,-0.165443,-0.380543,0.177243,0.182193,0.428834,0.321981,0.200712,0.280994,0.244515,0.13476,0.283185,0.227034,0.246175,0.312838,-0.0831464,-0.138739,-0.083072,-0.223282,0.155475,0.178087,0.224195,0.236486,0.317248,0.268049,0.376509,0.440086,0.139379,0.0474115,0.306646,0.388657,0.123373,0.207805,0.0707856,-0.2514,-0.146742,0.0403334,0.100744,0.0817009,-0.0523258,-0.0259104,-0.201722,-0.00996276,-0.181375,0.0691951,-0.178663,0.119413,-0.0198229,0.196536,0.110892,0.166511,0.00153591,-0.0558814,-0.159618,-0.0613593,-0.0348916,-0.0577533,0.185797,0.257033,0.0795179,0.220455,0.407595,0.104188,-0.359278
0.396862,0.223051,0.184928,0.0651583,0.660754,0.242733,0.184483,0.198943,0.638299,0.507944,0.277033,0.4038,-0.355359,-0.165492,1.06026,1.00518,0.442567,0.597438,0.408448,0.874369,0,1.18893,0.670258,0.781972,0.473489,0.435855,0.830879,0.631909,0.337901,0.311475,0.109225,-0.0572867,-0.106747,-0.268431,-0.0166516,0.00185958,0.384959,0.39659,0.221259,0.595558,0.852411,0.668583,-0.113639,0.232329,0.081725,0.0246726,0.0846481,0.0280542,0.449824,-0.00372858,-0.00846945,0.456095,0.544391,0.305489,0.118671,0.324411,-0.0390379,-0.0999936,-0.233893,0.713195,0.450845,0.369079,0.493281,0.314315,0.289644,-0.0259332,-0.0266323,0.398005,0.193522,0.092514,0.411413,0.0487477,0.161054,-0.0167208,-0.0888657,-0.117881,-0.0491418,0.0946467,0.0489927,0.00653893,0.0936187,0.132809,0.114043,0.0665789,0.0583605,0.043558,0.0314495,-0.00857766,-0.0962255,-0.0156239,-0.0696386,0.248354,0.221511,0.129819,0.104093,0.257118,0.209794,0.267429,0.346386,0.275956,0.112191,0.322507,0.308768,0.185555,0.23231,0.312831,-0.0908502,0.0452243,0.0776198,0.175757,0.0102309,-0.0167924,0.0797258,-0.111654,0.108203,0.0114895,-0.00359589,0.0767634,0.212299,0.287283,0.422565,0.432244,0.383968,0.259296,0.00847963,-0.0517888,0.0511609,-0.0568966,0.00449206,0.354403,0.532072,0.0945564,0.382944,0.427844,0.355844,0.154538
0.297636,0.18228,0.200391,0.0475317,0.609567,0.264924,0.0816796,0.102133,0.553483,0.546579,0.241561,0.635248,-0.34084,-0.0936636,0.816656,0.971143,0.213436,0.54948,0.371334,0.973873,1.18893,0,0.748662,1.11055,0.48468,0.427639,0.755892,0.685569,0.368343,0.210458,0.0449732,-0.206794,-0.201762,-0.344019,-0.0725136,-0.104336,0.462736,0.378087,0.284612,0.587864,0.840111,0.857363,-0.261195,0.136224,-0.0693198,-0.22403,0.130295,0.0559525,0.275015,-0.0259454,0.0110185,0.286575,0.460361,0.264658,0.0797906,0.337997,-0.138642,-0.0398273,-0.241569,0.840652,0.55298,0.22547,0.356149,0.0494907,0.133741,-0.0266583,-0.158541,0.293456,0.134117,-0.0011418,0.149344,-0.0227759,0.0427454,-0.0884572,-0.229066,-0.192761,-0.146974,0.121056,0.0472881,0.0184411,0.0609119,0.0510743,-0.0376529,0.0374752,-0.0274319,-0.0162354,-0.033516,0.0342623,-0.0736493,-0.0181753,-0.163851,0.255494,0.2706,0.113409,0.124758,0.256216,0.161843,0.288126,0.349044,0.141565,0.0543152,0.261125,0.29602,0.0104902,0.0426673,0.241399,-0.17526,-0.0179046,0.0405427,0.132364,0.0896624,0.0278196,-0.0267198,-0.174066,-0.0147106,-0.121881,-0.039653,-0.106262,0.0808935,0.0579775,0.326307,0.314385,0.18931,0.00219175,0.0399666,-0.184795,-0.0672453,-0.0671587,-0.105889,0.19138,0.424716,0.156405,0.297666,0.579171,0.372435,-0.014163
0.741272,0.215095,0.159494,-0.0550523,0.462071,-0.0425681,0.5516,0.0793713,0.238796,0.369946,0.297113,0.302772,-0.438365,-0.228598,0.467611,0.371674,0.024167,0.343359,0.390527,0.601956,0.670258,0.748662,0,0.819521,0.700561,0.456279,0.783981,0.925127,0.671984,0.614433,0.0108282,-0.191188,-0.337673,-0.336762,-0.0485813,-0.141386,0.132766,0.151571,0.485765,0.515905,1.27832,0.514029,0.0480926,0.150355,-0.00581097,-0.0171682,0.189733,0.102063,0.288844,-0.211939,-0.161039,0.311242,0.392813,0.0658454,-0.0123725,0.201468,-0.218697,0.068641,-0.0619531,0.676602,0.217242,0.329617,0.395235,-0.0509905,-0.03816,-0.101904,-0.181865,0.271856,0.380797,0.0517991,0.266117,0.00886566,-0.0697155,-0.0849233,-0.202026,0.0495819,-0.19035,-0.0233368,-0.0657299,-0.120979,-0.0308477,-0.0334301,-0.0805267,-0.0509728,-0.0986857,-0.135741,-0.0208717,0.107586,-0.0400317,0.134554,0.100354,0.195705,0.0575316,0.223114,0.1347,0.297706,0.102694,0.233045,0.268097,0.0418702,-0.13149,0.00434528,0.027763,0.112577,-0.0501565,0.1378,-0.19267,-0.0570961,0.203925,0.184127,-0.178116,-0.0722678,-0.148413,-0.331896,0.00544229,-0.165887,-0.00954838,-0.104316,0.0672763,0.0407038,0.23091,0.219526,0.012316,-0.0403952,0.0126347,-0.219123,-0.215488,-0.134946,-0.0138902,0.210476,0.288486,0.0664938,0.143105,0.249682,0.311986,0.108636
0.486121,0.544075,0.124211,-0.0169233,0.517176,0.477359,0.233942,0.260872,0.353054,0.599531,0.0859155,0.590664,-0.323931,-0.138572,0.361045,0.467501,0.0406799,0.262487,0.312812,0.715049,0.781972,1.11055,0.819521,0,0.408013,0.452913,0.743157,0.82335,0.655588,0.575936,0.125572,-0.0942039,-0.2226,-0.481991,0.0075703,-0.226902,0.364306,0.152666,0.109875,0.352747,0.959593,1.12664,-0.250616,0.3343,0.017415,-0.156506,0.154871,0.0898445,0.358519,-0.0350831,0.0798455,0.356812,0.482616,0.364053,0.132112,0.376991,-0.26347,-0.0638391,-0.192608,0.789671,0.592375,0.259106,0.328351,-0.0847611,0.0914134,-0.035798,-0.169748,0.208815,0.191776,0.154114,0.145353,-0.0252279,-0.0310518,-0.10935,-0.330359,-0.193675,-0.168957,0.114402,0.0426932,0.060858,-0.010486,-0.00645472,-0.165826,0.0163379,-0.0983997,-0.0239323,-0.129286,0.0202361,-0.135019,0.0303803,-0.0820247,0.20165,0.221848,0.276041,0.261698,0.226718,0.125654,0.195744,0.193667,0.130655,0.032661,0.0343958,0.221262,0.0969179,0.0797822,0.160616,-0.108579,0.147949,0.182704,0.399344,0.042417,-0.038979,-0.101228,-0.270507,0.117898,-0.0128185,-0.114051,0.0547676,0.0126359,0.114856,0.318176,0.384511,0.00033152,-0.123029,-0.00982074,-0.276524,-0.109413,0.0456676,0.0223945,0.203334,0.499505,0.147841,0.357186,0.573187,0.771958,0.0564441
0.34473,-0.258838,0.40964,0.162909,0.331815,-0.236462,0.191993,-0.0855623,0.472509,0.525907,0.707029,0.382358,-0.0824609,0.120752,0.538814,0.363498,0.267609,0.542343,0.564977,0.826681,0.473489,0.48468,0.700561,0.408013,0,0.81991,0.671029,0.653108,0.426133,0.308706,-0.0638218,-0.222115,-0.0108729,-0.0269184,0.0410788,-0.106264,0.349738,0.425589,0.533891,1.0854,0.55667,0.274242,-0.374034,-0.305083,-0.302462,-0.304488,0.0471346,0.0561488,0.0618815,0.119049,0.0621746,0.0117085,0.118617,-0.114993,-0.079697,-0.198089,-0.57577,0.00732834,0.107978,0.530331,0.12771,0.229265,0.13206,-0.0702574,-0.282576,-0.133018,-0.161032,0.399977,0.340308,-0.0133365,0.144979,-0.221303,-0.221596,-0.140355,-0.298228,0.171489,-0.00599726,0.328929,0.224243,0.162946,0.303598,0.230894,0.151596,0.239607,0.191605,0.133835,0.365604,0.0272923,0.00617108,-0.162664,-0.254229,0.0807994,-0.0333594,0.0700826,-0.0348624,0.234319,0.0902927,0.327163,0.323632,0.238263,-0.00385536,0.29746,0.190576,-0.108073,-0.066373,-0.0880525,-0.299258,-0.278891,0.114698,0.00949311,-0.218087,-0.26562,-0.115665,-0.286622,-0.0259712,-0.255578,0.0527159,-0.227593,0.0860157,-0.139909,0.108302,-0.0145714,0.111727,0.0642004,-0.0831758,-0.10022,-0.216012,-0.0934625,-0.0861554,0.051762,0.078145,-0.0686302,-0.102177,0.0709365,-0.132649,-0.42578
0.242589,-0.0173564,0.292382,0.115953,0.0673328,-0.0609626,-0.0204473,0.146345,0.338601,0.836368,0.380593,0.304126,-0.143005,0.0925039,0.419508,0.24626,0.315209,0.321502,0.233217,0.525596,0.435855,0.427639,0.456279,0.452913,0.81991,0,0.472642,0.644957,0.614234,0.544722,0.0932991,0.0800244,-0.151898,-0.217529,-0.0601233,-0.0954946,0.385553,0.345039,-0.0113898,0.645675,0.456393,0.153608,-0.13475,0.0996182,-0.184271,-0.142472,-0.207653,-0.0933245,-0.0115411,0.0311019,0.016989,0.0634408,-0.0736761,-0.173686,-0.191543,-0.119313,-0.44637,-0.181306,0.0617124,0.37698,0.119481,0.3951,0.403911,0.10354,-0.0568529,-0.303293,-0.218189,0.454006,0.363826,0.181017,0.256412,-0.188981,-0.184193,-0.235937,-0.289148,-0.113886,-0.00119814,0.246282,0.155936,0.197758,0.269951,0.299678,0.182678,0.201034,0.102173,0.137139,0.266589,-0.0946407,-0.0852859,-0.20434,-0.201638,0.0194531,0.0247103,-0.0138747,-0.00091743,0.382623,0.25154,0.362623,0.26034,0.446263,0.154781,0.466315,0.330401,-0.149726,-0.150467,0.0317485,-0.191503,-0.0763306,0.257948,0.302004,-0.0854848,-0.152712,-0.070122,-0.11882,0.0776359,-0.0575679,-0.114075,-0.0722191,0.115298,0.079717,0.268756,0.13313,0.140115,0.107491,-0.0667425,-0.0214359,-0.178049,0.0656512,0.148837,0.224784,0.278497,-0.00483801,-0.193674,0.0528107,0.0757112,-0.109722
0.732437,0.261633,0.181904,-0.0313876,0.543664,0.0658792,0.308456,0.094809,0.466812,0.538163,0.382018,0.457066,-0.250538,-0.10034,0.516988,0.441078,0.103481,0.428786,0.386715,0.677727,0.830879,0.755892,0.783981,0.743157,0.671029,0.472642,0,1.29616,0.816133,0.612132,-0.0185869,-0.192157,-0.200342,-0.218947,-0.0916402,-0.110795,0.323753,0.318911,0.513373,0.61226,0.844603,0.49674,-0.132132,0.0873414,0.0139414,-0.00223318,0.219608,0.201996,0.166084,-0.147702,-0.119915,0.149103,0.354953,0.119255,-0.0114485,0.115437,-0.204675,0.0459875,0.0410234,0.756621,0.342583,0.462199,0.284138,0.156466,-0.0183162,-0.0461047,-0.0458712,0.693691,0.624579,0.385446,0.378006,-0.0253882,-0.0681785,-0.228366,-0.22631,-0.0386267,-0.128153,0.0278117,-0.0419128,0.0580577,0.0630031,-0.0146609,0.00601134,-0.0200631,-0.00142293,-0.019098,0.0241592,0.242149,0.0919791,0.0846789,0.140442,0.291656,0.252531,0.172416,0.127169,0.270834,0.165392,0.233263,0.332469,0.246823,0.0588434,0.140421,0.235716,0.00986601,0.0495575,0.01562,0.0130983,0.225412,0.488229,0.481397,-0.0960829,-0.172658,-0.148914,-0.284294,0.0765273,-0.0526113,0.0541474,0.109514,0.187736,0.209664,0.312786,0.315503,0.236899,0.0598739,-0.149054,-0.133706,-0.0705991,0.0525474,0.221097,0.287989,0.42922,-0.146398,0.1643,0.288283,0.196678,-0.0216473
0.808004,0.343958,0.28035,0.0930244,0.342946,0.028517,0.231622,0.0555485,0.241042,0.580875,0.278961,0.449516,-0.337696,-0.107992,0.370132,0.305313,0.0692615,0.397157,0.333753,0.639409,0.631909,0.685569,0.925127,0.82335,0.653108,0.644957,1.29616,0,0.985481,0.780049,-0.138313,-0.275474,-0.354851,-0.307928,-0.150061,-0.217995,0.24514,0.223638,0.375242,0.496791,0.890666,0.439909,-0.1051,0.106603,0.00118122,-0.0320734,0.201003,0.21645,0.122918,-0.0758051,-0.0126236,0.121069,0.326208,0.151139,0.0800792,0.102383,-0.254167,0.0676457,0.0769144,0.787731,0.403509,0.434281,0.344543,0.0183709,-0.11925,-0.0681797,-0.0818842,0.509466,0.695827,0.372323,0.273863,-0.075882,-0.144021,-0.237814,-0.27615,0.0200578,-0.0331746,0.109532,0.048756,0.0865475,0.109149,0.0886174,0.0570736,0.0341324,-0.0112559,-0.0259636,0.0647733,0.222654,0.0656595,0.128803,0.174954,0.272632,0.266013,0.24607,0.215833,0.3773,0.290833,0.255303,0.441775,0.250317,0.0943736,0.185381,0.228001,-0.0586996,-0.0279837,-0.0102512,-0.0628862,0.134248,0.405051,0.437402,-0.154999,-0.180314,-0.220133,-0.330979,0.0890436,-0.0599704,-0.0797805,0.0263238,0.0600118,0.170013,0.277823,0.278303,0.087347,-0.116531,-0.124327,-0.233281,-0.188092,0.101815,0.226422,0.26235,0.399699,-0.0842625,0.149743,0.298229,0.222473,-0.0299674
0.760415,0.434198,0.00609966,-0.121694,0.278449,0.127668,0.362029,0.147136,0.128115,0.478685,0.126652,0.161344,-0.319534,-0.241438,0.0367348,-0.0293588,-0.158618,0.0350626,0.00105816,0.214017,0.337901,0.368343,0.671984,0.655588,0.426133,0.614234,0.816133,0.985481,0,1.00901,0.119621,0.058919,-0.319454,-0.424132,-0.062408,-0.124553,0.138479,0.0139925,0.0541931,0.158189,0.707197,0.254583,0.0724002,0.305104,-0.0130555,0.0619942,0.0929042,0.152167,0.115092,-0.260072,-0.167948,0.180621,0.225681,0.067389,-0.0564372,0.150807,-0.18945,0.0670427,0.184791,0.558655,0.23753,0.546281,0.335879,0.0557893,-0.0798277,-0.110113,-0.055788,0.451637,0.61811,0.570591,0.255538,-0.0565088,-0.174251,-0.352833,-0.306009,-0.184722,-0.18272,-0.15382,-0.21305,-0.0272074,-0.109887,-0.0697427,-0.0773315,-0.129839,-0.142034,-0.101442,-0.113346,0.208028,0.0847069,0.0203147,0.134311,0.246607,0.216646,0.183826,0.120179,0.31605,0.180149,0.0796513,0.12814,0.10668,-0.0414149,0.0169532,0.035377,-0.0681618,-0.113432,0.00958213,0.103047,0.253287,0.59689,0.649788,-0.196179,-0.237204,-0.266279,-0.377926,0.0718199,-0.0683449,-0.159627,0.128845,0.10827,0.240446,0.388174,0.384146,-0.020421,-0.144774,-0.0827551,-0.172529,-0.187931,0.144542,0.322977,0.21937,0.474158,-0.101047,0.125033,0.123548,0.355259,0.142785
0.619718,0.48255,0.00213674,-0.154328,0.243773,0.180826,0.467765,0.275619,0.0716233,0.330923,0.0500113,-0.0059741,-0.242915,-0.184276,-0.0128049,-0.0929399,-0.0234806,-0.0233488,-0.00093425,0.0997193,0.311475,0.210458,0.614433,0.575936,0.308706,0.544722,0.612132,0.780049,1.00901,0,0.235126,0.264062,-0.270744,-0.307766,-0.0583884,-0.0816246,0.0985714,0.0729162,-0.0219713,0.160674,0.641092,0.20645,0.255304,0.475144,0.181746,0.264499,0.0947737,0.0400844,0.233972,-0.197886,-0.142818,0.266914,0.149633,0.0190591,-0.0782801,0.172961,-0.109947,-0.0442763,0.00643932,0.34966,0.154229,0.490146,0.52089,0.16905,0.121198,-0.0195398,0.00685131,0.490661,0.659096,0.549664,0.489635,0.0830915,-0.0104657,-0.128722,-0.0736485,-0.142975,-0.205669,-0.162734,-0.174723,-0.0834762,-0.132485,-0.00032839,-0.0102639,-0.0613185,-0.119025,-0.051753,-0.0811224,0.102878,-0.0531916,0.16342,0.256299,0.127038,0.111572,0.224311,0.165971,0.258146,0.157672,0.0700668,0.078199,0.245072,0.0673061,0.00892244,0.150506,0.0278468,0.00886286,0.108257,0.023683,0.237421,0.394414,0.545328,-0.14438,-0.142195,-0.11204,-0.245133,0.138287,0.0137094,-0.128101,0.193389,0.120343,0.366208,0.341987,0.389051,-0.0185236,-0.0375082,-0.125914,-0.139784,-0.128668,0.0992042,0.290396,0.310927,0.464989,-0.0794865,0.037392,0.070515,0.470543,0.357862
