attribute name,data type,value
Subject ID,id,7
Condition,category,stressed
Age,number,25
Hours Slept,number,8.0
Cort Delta,number,8.84640000
Experiment Day,category,day1
Scanned Timing,category,pre
ROI-ROI Matrix,matrix,
0,-0.245855,-0.291833,-0.419079,0.523556,-0.532533,0.53539,-0.181377,0.522659,-0.214753,-0.10504,-0.359573,-0.0274952,-0.0805902,0.186948,-0.277775,0.203729,-0.0434385,0.036983,-0.172763,0.404982,0.119777,0.437871,-0.104448,0.429428,0.0286867,0.144586,-0.0403371,0.00399931,0.084112,0.0659796,0.147481,-0.112208,0.0485936,-0.0288545,-0.0714204,-0.17421,-0.148151,0.421091,0.127995,0.750848,0.0293456,0.643272,0.0744049,0.363814,0.227174,0.120369,0.0907006,0.0905685,-0.410248,-0.635174,0.154607,0.347241,-0.428647,-0.333558,0.268006,0.239622,0.140139,0.115879,0.468166,-0.386508,0.271977,0.116639,0.462567,0.349697,0.12329,0.0349511,0.290965,0.0247508,0.291238,0.298884,0.390145,0.308764,0.216519,0.362598,0.0385016,-0.526113,-0.259032,-0.254209,-0.18907,-0.368537,-0.137028,-0.063583,-0.231554,-0.13548,-0.0720845,-0.105913,0.146829,0.156268,0.24054,0.387722,0.0239385,-0.495474,-0.148815,-0.367129,-0.138455,-0.349837,-0.131648,-0.346943,0.505706,0.291091,0.107514,-0.142983,-0.168935,-0.0825802,0.00255474,0.452019,-0.192232,0.448713,-0.0230128,0.121991,0.110165,0.288401,0.212078,0.0689558,-0.129808,0.369919,-0.0114996,0.146132,-0.0480188,0.11134,-0.0125261,0.0277066,-0.0192593,0.134778,0.0594607,0.156284,-0.101483,-0.114859,-0.139198,-0.159302,0.111547,0.0409754,0.00454725,-0.0394989,0.546266
-0.245855,0,0.0880403,0.0946121,-0.779025,0.648831,-0.503737,0.471657,-0.367789,0.223557,-0.0171018,0.250223,0.0397215,-0.0214203,-0.440867,-0.287731,-0.22976,-0.184038,-0.183501,-0.135592,-0.160675,-0.0802578,-0.287959,0.147235,-0.282287,0.195549,0.160007,0.106991,0.246464,0.201297,0.151621,0.206906,0.098052,0.170885,-0.160646,0.496047,0.036718,0.190734,-0.339335,0.106923,-0.478845,0.284774,-0.216809,0.57982,-0.0544949,0.243154,-0.0113844,-0.020314,0.338981,0.0208513,0.111583,0.122214,-0.351156,0.213831,-0.0728491,0.0303909,-0.150428,0.133333,0.0374848,-0.219086,0.319959,-0.144968,-0.0071942,-0.189685,-0.0536273,-0.102084,-0.0288143,-0.280438,0.221788,0.049872,-0.0210113,-0.0898408,0.0598127,-0.0874579,0.0614451,-0.159263,0.23577,0.178665,0.126208,-0.049867,0.117519,0.0457719,-0.184351,0.148313,-0.014454,-0.00651579,-0.043195,0.00093112,-0.0402466,-0.0871367,0.146722,-0.334134,0.140053,-0.181965,0.0143033,-0.115398,0.0226736,-0.114221,0.16712,-0.157243,-0.0572814,-0.187838,0.14635,-0.110839,-0.17185,-0.29514,-0.185326,0.296554,-0.147524,0.420336,-0.353964,-0.563221,-0.227597,-0.163381,-0.186876,0.0557002,-0.402233,-0.0589066,-0.125757,-0.170491,-0.180293,-0.0917625,-0.0921488,-0.0154075,-0.196747,-0.387006,-0.11736,0.028199,0.0412177,0.0204149,0.0208267,-0.117011,0.0100017,0.169112,0.467748,-0.319289
-0.291833,0.0880403,0,1.10695,-0.113168,0.231562,-0.256214,0.00016619,-0.292226,-0.0667405,0.731595,0.413267,0.113737,0.0750593,0.00810471,0.135177,-0.128032,-0.0476618,-0.0327902,0.0768931,-0.385676,-0.404957,-0.272542,-0.0806852,-0.388923,-0.00572485,-0.0940849,-0.00589154,0.078206,-0.0948561,-0.112145,-0.212469,0.239101,0.0516342,0.0291222,-0.0195163,0.656933,0.338287,-0.00635545,0.215677,-0.295759,0.0870067,-0.630286,-0.182578,-0.401829,-0.205553,0.13265,0.0300166,-0.163745,0.441179,0.361439,-0.25994,0.0673621,0.431237,0.469344,-0.306898,-0.283693,-0.276888,-0.135101,-0.120822,0.105381,-0.21149,-0.157167,-0.385051,-0.402112,0.126355,-0.00493596,-0.440543,-0.0394472,-0.367573,-0.372476,-0.446867,-0.383101,-0.23707,-0.328622,0.679495,0.700923,0.808654,0.660255,0.601648,0.6009,0.727856,0.261005,0.613809,0.340361,0.453605,0.276864,0.0268626,-0.00663216,-0.221541,-0.251677,-0.156264,0.0427849,0.132824,0.193895,0.244888,0.219456,0.322897,0.211006,-0.307661,-0.183012,0.0291831,0.175594,0.262039,0.104081,0.138984,-0.304308,-0.0329234,-0.231948,0.0357273,-0.0234593,-0.051118,-0.108993,-0.0278953,0.0130324,-0.0889083,-0.037655,0.0171157,-0.0223845,-0.0844154,-0.105339,0.00340983,0.00242548,0.0212036,0.0207905,-0.0531696,-0.121199,0.00700458,0.0493428,0.0949349,-0.0266025,0.088934,-0.0860708,-0.176075,0.00327927,-0.467711
-0.419079,0.0946121,1.10695,0,-0.180892,0.315845,-0.357288,-0.0176964,-0.386527,-0.0532015,0.48459,0.383288,0.213769,0.289698,-0.0743702,0.136909,-0.153345,0.0390816,-0.059628,0.0614047,-0.337826,-0.396405,-0.357905,-0.0730296,-0.550866,-0.0397158,-0.0516182,-0.036257,-0.00578502,-0.0511373,-0.183899,-0.176691,0.246892,0.127402,-0.056759,-0.0211875,0.487558,0.27309,-0.093049,0.186019,-0.328341,0.0862556,-0.610613,-0.13721,-0.41763,-0.198082,0.0100809,-0.0176793,-0.0300322,0.45031,0.459324,-0.0488261,0.163558,0.607968,0.679857,-0.160073,-0.167371,-0.293619,-0.182993,-0.120591,0.187233,-0.168753,-0.0847248,-0.283718,-0.330695,0.0107955,-0.0829962,-0.395706,-0.078405,-0.360882,-0.375998,-0.486746,-0.409025,-0.23563,-0.348121,0.414587,0.750499,0.689861,0.788926,0.326133,0.512625,0.61519,0.375787,0.650226,0.461603,0.261337,0.329976,-0.0965276,-0.107086,-0.188866,-0.248213,-0.0283754,0.238324,0.260431,0.41332,0.160053,0.2364,0.284087,0.260247,-0.242176,-0.158509,0.0399318,0.129792,0.327219,0.13768,0.193176,-0.357647,-0.0390315,-0.363576,0.02089,-0.0175177,-0.0377429,-0.12406,-0.0637594,-0.065753,-0.0337505,-0.0401245,0.0459732,0.036053,-0.0289547,-0.181541,-0.102058,0.0122297,0.0609538,0.08206,-0.0504298,-0.0634659,0.0989844,0.144932,0.152918,-0.0108482,0.0319189,0.0827701,-0.068664,-0.00631836,-0.397955
0.523556,-0.779025,-0.113168,-0.180892,0,-0.167686,1.05666,-0.0146043,0.670947,-0.075786,0.11614,-0.0351398,-0.00201051,0.0334395,0.601773,0.292179,0.344346,0.0866059,0.341214,0.147909,0.296296,0.254816,0.816459,0.270343,0.535289,0.0844119,0.100807,0.0786965,-0.0940596,0.117397,-0.033378,-0.067771,-0.13033,-0.0393171,0.0856468,-0.143387,-0.157908,-0.241873,0.555123,0.143454,0.995974,0.130105,0.469671,-0.151429,0.0158348,-0.173816,0.199281,0.075878,-0.199525,-0.229649,-0.219097,0.0549595,0.359134,-0.161175,-0.121975,0.18192,0.344311,-0.0606832,0.0524657,0.454899,-0.0321198,0.286389,0.128579,0.380157,0.238033,0.427426,0.229281,0.313363,-0.115604,0.0534482,0.0951138,0.127549,-0.016785,0.14333,0.140617,0.225939,-0.150682,-0.143245,-0.0364271,-0.0479452,-0.12555,-0.00803577,0.196039,-0.0386447,0.071452,0.11582,0.143729,0.0917438,0.141035,0.00119464,-0.0872903,0.123584,-0.336414,-0.0055719,-0.132701,-0.140319,-0.267679,-0.101641,-0.281565,0.37641,0.214371,0.00035535,-0.322246,0.0585398,0.0899975,0.132294,0.308479,-0.0183743,0.217447,-0.200826,0.283624,0.247992,0.295031,0.232067,0.0743799,-0.192388,0.539609,0.124023,0.215939,0.204903,0.185063,0.103655,0.160625,-0.0138785,0.0403977,0.146853,0.260541,-0.169707,-0.0607647,-0.0576911,0.0157474,0.0448704,-0.102706,0.0928338,-0.0762703,0.581203
-0.532533,0.648831,0.231562,0.315845,-0.167686,0,-0.138584,0.938198,-0.205401,0.47962,0.185387,0.485653,-0.0102215,-0.0407513,-0.100306,0.281022,-0.0987318,-0.00607237,0.026843,0.205069,-0.164154,0.0648513,-0.0105022,0.628573,-0.210192,0.458334,0.115496,0.24081,0.277189,0.273169,0.13824,0.0378177,-0.0764952,-0.035365,-0.132255,0.359407,0.0434305,0.00594378,-0.143357,0.187285,-0.221308,0.552569,-0.219298,0.558968,-0.275063,0.0105819,0.180141,0.114076,0.132051,0.0680117,0.359434,0.100495,-0.179721,0.413839,0.0958303,0.0774901,0.00494987,-0.0271871,-0.0349629,-0.0463743,0.841345,-0.15306,0.0208149,-0.119807,-0.0597106,0.21061,0.205999,-0.230644,0.099984,-0.128902,-0.201651,-0.316668,-0.15577,0.051906,-0.0298583,-0.0286594,0.541845,0.193323,0.253117,-0.084349,0.187202,0.142913,0.0348212,0.30747,0.114111,-0.0195854,0.102886,0.0550788,0.0714514,-0.070077,-0.126879,-0.168934,0.22338,-0.00104405,0.290255,-0.107612,0.0903991,0.00534759,0.275974,-0.172467,-0.0779559,-0.330275,-0.0573093,0.250116,0.0847027,-0.0773931,-0.231026,0.44185,-0.303512,0.276585,-0.220289,-0.346648,-0.106501,-0.0227843,-0.146626,0.0345009,-0.186865,0.0349763,0.0304631,0.0195821,-0.0425168,-0.00373344,0.102672,0.0833688,-0.174062,-0.297169,-0.0286801,-0.0366654,0.0978436,0.0480917,0.155978,-0.10142,-0.0449552,0.266382,0.645404,-0.115603
0.53539,-0.503737,-0.256214,-0.357288,1.05666,-0.138584,0,0.331671,0.876472,0.166231,0.183419,0.125463,-0.211514,-0.136924,0.476354,0.324696,0.33335,0.127395,0.451109,0.315547,0.240799,0.322272,1.01508,0.468394,0.926579,0.347086,-0.0162959,0.18857,-0.0230282,0.326227,0.129468,0.1293,-0.299642,-0.10233,0.240787,0.0527658,-0.215008,-0.200009,0.924696,0.248749,0.992724,0.271929,0.660576,0.0228546,0.143262,0.0237519,0.151647,0.0852204,-0.237259,-0.553773,-0.438589,0.014056,0.120449,-0.433797,-0.498041,0.116244,0.210932,-0.013288,0.025847,0.622179,0.175851,0.31094,0.19962,0.236307,0.137242,0.263512,0.215637,0.338213,-0.100791,0.102975,0.221999,0.205499,0.128301,0.264938,0.270561,0.131676,-0.19389,-0.318359,-0.15113,-0.115763,-0.121174,-0.126577,0.0692347,-0.115315,0.011853,0.115277,0.256567,0.0831447,0.114829,0.137169,0.0634907,-0.0872197,-0.475675,-0.202716,-0.297839,-0.25304,-0.392818,-0.200642,-0.35719,0.277876,0.18207,-0.0679161,-0.282734,-0.120622,-0.0652446,0.138323,0.346037,0.0244197,0.335488,-0.0498192,0.161505,0.13575,0.130182,0.0811058,0.127625,-0.104882,0.38593,0.219328,0.285873,0.274776,0.251558,0.134982,0.20721,0.0343202,0.055197,0.00087986,0.090902,-0.220502,-0.0213418,0.0744136,0.116032,0.0822986,-0.240546,-0.00374999,0.0461055,0.715639
-0.181377,0.471657,0.00016619,-0.0176964,-0.0146043,0.938198,0.331671,0,0.117152,0.717914,0.243184,0.699592,-0.231087,-0.162757,0.0262276,0.363111,-0.0401885,0.0735954,0.173237,0.321683,-0.119838,0.213018,0.265032,0.918581,0.146036,0.611619,-0.0106096,0.229596,0.267278,0.53027,0.241541,0.198633,-0.396477,-0.161654,0.0287388,0.457898,-0.17559,5.71e-05,0.227185,0.346161,0.100159,0.754676,0.142219,0.590333,-0.142921,0.0663404,0.1616,0.160538,-0.0815629,-0.258257,0.0630319,-0.020834,-0.312593,-0.0736075,-0.367164,0.0182591,0.0274012,0.0916247,0.0137694,0.202749,0.859051,0.0969886,0.175362,-0.0881986,-0.0642647,0.160516,0.283736,-0.100606,-0.0432539,-0.0185143,0.0301483,-0.114674,-0.0483726,0.175301,0.0874744,-0.0478497,0.320402,-0.00598783,0.0996517,-0.158019,0.153458,-0.0759021,-0.10223,0.154731,0.0213357,0.00243546,0.275265,0.130301,0.121162,0.117671,0.0464757,-0.345572,-0.0621278,-0.204715,0.0194423,-0.153348,-0.0713369,-0.0474031,0.134273,-0.0887303,-0.0245784,-0.28581,-0.156684,-0.0283892,-0.0981123,-0.00805693,-0.0256774,0.299561,0.00309777,0.358787,-0.238702,-0.28745,-0.129319,-0.0893392,0.0276186,0.113808,-0.137171,0.172613,0.102559,0.116457,-0.0323034,0.0210922,0.145353,0.156491,-0.159152,-0.355331,-0.0615701,-0.0732122,0.186916,0.145219,0.13358,-0.0606585,-0.328982,0.140774,0.599012,0.163466
0.522659,-0.367789,-0.292226,-0.386527,0.670947,-0.205401,0.876472,0.117152,0,0.385937,-0.0583794,0.108501,-0.0799122,0.0784742,0.644824,0.307864,0.632602,0.108299,0.559966,0.127555,0.473345,0.315538,0.739786,0.21124,0.959465,0.215616,0.368126,0.269658,-0.222289,0.174091,-0.128657,0.28646,-0.165057,0.0598564,0.0935758,0.116988,-0.322186,0.0195241,0.426048,0.312724,0.6859,-0.00342752,0.428575,-0.0700047,0.111138,-0.0950741,0.126289,0.0533378,0.0232969,-0.277113,-0.303667,0.214147,0.111201,-0.318481,-0.254271,0.0474907,0.00129927,0.0688424,0.106594,0.834056,0.221506,0.266749,0.249668,0.284544,0.228225,0.12354,0.0886352,0.514661,0.0944395,0.249167,0.411991,0.330989,0.231602,0.201636,0.213002,0.0922525,-0.100732,-0.398384,-0.201462,-0.220142,-0.16582,-0.278963,-0.0781402,-0.248527,-0.158049,-0.125815,-0.00820968,0.0436016,0.171226,0.254485,0.0539167,0.0613038,-0.334924,-0.0508653,-0.14936,-0.0776764,-0.213257,-0.187095,-0.473384,0.329518,0.195716,0.0674287,-0.12509,-0.0447372,0.0861911,0.00756795,0.123476,-0.111793,0.193569,-0.200253,0.168239,0.170514,0.00863239,0.0605975,-0.147523,-0.217791,0.253604,0.0709939,0.0503294,0.0337908,0.172754,0.114512,0.0630132,-0.114188,-0.0147289,0.0901433,0.0214954,-0.326694,-0.196562,0.0183575,0.0907685,0.0974436,-0.0384337,-0.196781,-0.174038,0.363958
-0.214753,0.223557,-0.0667405,-0.0532015,-0.075786,0.47962,0.166231,0.717914,0.385937,0,0.0139485,0.609139,-0.147711,0.0248729,0.126126,0.436003,0.261692,0.28208,0.403501,0.384999,0.101086,0.286627,0.164584,0.534966,0.422503,0.599293,0.23433,0.350861,-0.0165831,0.260096,0.070897,0.368726,-0.376024,-0.200247,-0.038843,0.127325,-0.210718,0.166388,-0.0117495,0.335183,-0.0247291,0.140487,0.028665,0.151844,-0.138821,-0.143156,0.149323,0.0946891,0.103485,-0.135308,0.193943,0.108828,-0.358599,-0.10332,-0.102012,-0.139115,-0.20793,0.0808745,-0.0596905,0.230218,0.778642,-0.0265208,0.18883,-0.0311107,0.00198856,0.0489752,0.139527,0.131386,0.144764,0.24338,0.25133,0.11092,-0.0265451,0.118264,-0.0937348,-0.0572554,0.384181,-0.133527,0.0180101,-0.148975,0.169087,-0.273806,-0.217217,-0.0070674,-0.103814,-0.122075,0.189812,0.109988,0.142822,0.114121,-0.106706,-0.0494558,0.0163644,0.0108846,0.238489,0.0424039,0.124594,0.0525376,0.11256,-0.0106069,-0.0305415,-0.0669107,0.00417579,0.027726,0.13498,-0.0697965,-0.244398,0.106049,-0.116871,0.121749,-0.209523,-0.163377,-0.216773,-0.0156417,-0.0322475,0.195147,-0.230402,0.0610609,-0.0224849,-0.0158498,-0.0252226,0.0442668,-0.00912426,-0.00420955,-0.10108,-0.195244,-0.14339,-0.0685709,0.0195459,0.143481,0.0476763,-0.0100661,-0.13662,-0.139371,0.0987527,-0.0225599
-0.10504,-0.0171018,0.731595,0.48459,0.11614,0.185387,0.183419,0.243184,-0.0583794,0.0139485,0,0.62068,0.125847,0.00943028,0.1648,0.262073,-0.18939,-0.0580314,0.00165236,0.0793979,-0.483815,-0.313698,-0.038341,0.129164,-0.10649,0.103036,-0.259307,0.0844348,0.194201,0.0838708,0.1591,-0.20832,0.141531,-0.0319294,0.286227,0.0740047,0.770918,0.299616,0.574815,0.345419,-0.0749763,0.233805,-0.304901,-0.135146,-0.300015,-0.15482,0.0265634,-0.0342317,-0.306002,0.132198,0.0870415,-0.334003,-0.119454,0.114498,-0.00191779,-0.51996,-0.415767,-0.245728,-0.0875899,0.148862,0.206768,-0.119169,-0.115547,-0.468129,-0.466913,0.0288604,0.0261138,-0.362139,-0.170915,-0.466375,-0.367532,-0.358632,-0.415756,-0.230178,-0.213118,0.793207,0.570194,0.505743,0.381561,0.627961,0.453322,0.551564,0.0997092,0.231567,0.0545099,0.460266,0.259632,-0.00703144,-0.0630829,-0.192456,-0.159975,-0.422421,-0.358908,0.0619439,0.0867094,0.109315,0.0898728,0.0953155,0.0183062,-0.312997,-0.159283,-0.0301796,0.155631,0.131456,0.0142511,0.171499,-0.223981,-0.143798,-0.0113657,0.0778268,0.0890045,-0.0160117,-0.206007,-0.207521,0.0612931,-0.216227,0.0510896,-0.0322297,0.0313829,-0.0188927,-0.0780466,-0.0226275,0.0717505,0.0810976,0.0311803,-0.0911201,-0.261468,-0.117561,0.101556,0.125828,-0.0215299,0.122704,-0.370092,-0.180932,0.047133,-0.274381
-0.359573,0.250223,0.413267,0.383288,-0.0351398,0.485653,0.125463,0.699592,0.108501,0.609139,0.62068,0,-0.0878278,0.0533908,0.110716,0.324387,-0.0858624,0.0110329,0.191255,0.152798,-0.280386,-0.0308757,-0.0330714,0.3692,0.00218466,0.292268,0.0199225,0.157923,0.0446237,0.288795,-0.0516359,0.0346272,-0.210673,-0.120673,-0.010199,0.200722,0.170969,0.48124,0.209799,0.653621,-0.07924,0.349379,-0.313145,-0.0716673,-0.487029,-0.439157,0.0703733,0.0389298,-0.231268,0.0580661,0.301269,-0.169968,-0.328417,0.155006,0.032525,-0.463949,-0.383595,-0.0758074,-0.0613084,0.139044,0.631468,-0.00480233,0.0961424,-0.461577,-0.411962,0.0463665,0.114227,-0.154605,-0.0746526,-0.238893,-0.1556,-0.26221,-0.420934,-0.197969,-0.340645,0.420968,0.914112,0.288255,0.389571,0.229629,0.541161,0.111126,-0.134602,0.247913,0.0965005,0.269695,0.380056,0.00919208,-0.0147463,-0.15965,-0.323066,-0.297605,-0.0824463,0.082818,0.257147,0.106486,0.177658,0.0433813,0.118254,-0.32686,-0.203587,0.00903171,0.0819514,0.0397656,-0.0114343,0.03058,-0.277372,0.0118136,-0.0795932,0.139265,-0.203217,-0.244856,-0.387086,-0.241145,0.0336406,-0.0184188,-0.144213,0.109614,0.0599559,0.0639267,-0.141059,-0.0490519,0.0442232,0.0670667,-0.171431,-0.219,-0.17467,-0.0151839,0.187311,0.317096,0.0863579,-0.030836,-0.38261,-0.157534,0.0113659,-0.339973
-0.0274952,0.0397215,0.113737,0.213769,-0.00201051,-0.0102215,-0.211514,-0.231087,-0.0799122,-0.147711,0.125847,-0.0878278,0,0.987729,0.0331226,-0.0161579,-0.0603277,-0.00822197,-0.10063,-0.259777,-0.150279,-0.277699,-0.205751,-0.235566,-0.240569,-0.168259,-0.0457273,-0.145771,-0.134917,0.152645,0.0951412,0.240109,0.782175,0.558459,0.0466222,0.0821606,0.116151,0.0122859,-0.00183665,-0.0939646,-0.16849,-0.123856,-0.0613822,-0.0454915,0.175331,0.0695551,-0.470408,-0.548949,0.160205,0.24335,-0.0171494,0.181508,0.0879558,0.300431,0.111665,-0.010411,-0.198136,-0.102671,-0.201909,0.104667,-0.039716,0.0903887,0.00136954,0.0406195,0.133989,-0.331239,-0.447422,-0.121864,-0.179081,0.140475,0.155199,0.240283,0.151145,0.121977,-0.0083666,0.00216698,0.0544073,0.13666,0.155283,-0.0434456,-0.100974,0.185779,0.203772,0.00902351,-0.00012069,-0.0677592,-0.0502384,-0.296928,-0.321574,-0.0608715,0.0129388,-0.0406901,-0.0447827,0.20376,0.206233,0.066762,0.0869814,-0.185837,-0.105606,0.109231,0.188326,0.175537,0.177439,0.190097,0.139101,0.111622,-0.299079,-0.0792097,-0.292359,-0.0850161,0.216937,0.12588,-0.0637347,-0.194357,-0.319361,-0.191167,0.132779,-0.122173,-0.0549668,0.0361869,-0.199582,-0.0022652,-0.00747181,-0.099638,-0.0079405,0.0479346,-0.11933,-0.24895,-0.045054,-0.151446,-0.00226672,0.0871877,0.17386,0.071933,-0.0872497,-0.224736
-0.0805902,-0.0214203,0.0750593,0.289698,0.0334395,-0.0407513,-0.136924,-0.162757,0.0784742,0.0248729,0.00943028,0.0533908,0.987729,0,-0.00725628,-0.0314611,0.0200909,0.125466,0.00948385,-0.167132,-0.0357305,-0.142746,-0.170472,-0.262614,-0.150596,-0.146961,0.00705727,-0.0585337,-0.216335,-0.00467846,-0.0741306,0.183586,0.392459,0.447101,-0.0659216,0.0179058,-0.0932474,0.0466257,-0.111772,-0.0614379,-0.12166,-0.215947,-0.0481011,-0.105618,0.0566149,-0.0316075,-0.37685,-0.351213,0.122403,0.435321,0.233679,0.194438,0.0729007,0.190036,0.211251,-0.0579038,-0.182424,-0.105172,-0.199039,0.143024,0.00362483,0.0376534,-0.0323685,0.0150576,0.0568097,-0.280302,-0.289906,-0.0186275,-0.0754079,0.162291,0.156377,0.163342,0.0606221,0.0834739,0.0593293,-0.0155411,0.143896,0.113326,0.346896,0.00687392,0.119751,0.0753717,0.199038,0.104387,0.122482,-0.0625359,0.122721,-0.322231,-0.22326,0.0942261,0.0975952,0.119967,0.074762,0.303938,0.313023,0.0638073,0.0943961,-0.154222,-0.0689739,0.057496,0.0862623,0.0685224,0.00704812,0.179615,0.110722,0.111811,-0.180246,-0.182862,-0.17841,-0.12923,0.211445,0.163303,-0.0814459,-0.227517,-0.228124,-0.0567948,-0.00895537,-0.128103,-0.107046,0.044057,-0.268423,-0.112404,-0.129624,-0.195012,-0.0223683,0.022291,-0.0364719,-0.0954571,0.120671,-0.00324132,-0.0736311,0.0375953,0.106453,-0.0965366,-0.186951,-0.199838
0.186948,-0.440867,0.00810471,-0.0743702,0.601773,-0.100306,0.476354,0.0262276,0.644824,0.126126,0.1648,0.110716,0.0331226,-0.00725628,0,0.800765,0.699849,0.201212,0.600682,0.135372,0.409991,0.132375,0.641876,0.288419,0.443988,0.132393,0.469452,0.173586,-0.00819788,0.208382,-0.131976,0.139967,0.170442,0.181272,0.162056,0.0941766,0.0908744,0.183217,0.331492,0.260735,0.539386,0.117324,0.122786,-0.116598,-0.0137703,-0.193135,0.0927885,-0.00207204,-0.0972725,-0.135906,-0.192246,0.0507426,0.0507536,-0.0766794,-0.0807599,-0.0033238,0.0610922,-0.0417998,0.0434511,0.399421,0.160322,0.537611,0.271104,0.258377,0.18514,0.0794309,0.0917133,0.26956,-0.214019,0.063024,0.201309,0.11014,-0.00329455,-0.0872041,-0.139085,0.184752,0.0502694,0.0926377,0.138994,0.0836144,0.0547486,0.154493,0.221893,-0.0017667,0.017298,0.127949,0.100898,-0.0326238,-0.0395251,-0.0399551,-0.222702,-0.168496,-0.344418,-0.0912995,-0.184291,-0.0787804,-0.165796,-0.056145,-0.242195,0.267866,0.172766,0.261621,0.181559,-0.148644,-0.134129,0.117487,-0.0858316,-0.149712,0.0900982,-0.191574,0.0870302,0.130272,0.00511917,-0.0051875,-0.222057,-0.415627,0.351849,0.133154,0.0845088,-0.0139881,0.0693454,0.0744713,0.15637,0.0686727,-0.101471,-0.0781895,-0.102657,-0.330094,-0.276837,-0.166851,0.0119529,-0.0557885,-0.119895,0.0684742,-0.118442,0.130601
-0.277775,-0.287731,0.135177,0.136909,0.292179,0.281022,0.324696,0.363111,0.307864,0.436003,0.262073,0.324387,-0.0161579,-0.0314611,0.800765,0,0.394993,0.381631,0.488612,0.471678,0.0645159,0.200311,0.38424,0.63735,0.217758,0.305284,0.136078,0.305047,-0.0236092,0.337675,0.0316242,0.140032,0.00547802,-0.0263584,0.144835,0.102752,0.165682,0.0807571,0.286426,0.159987,0.209846,0.256601,-0.0467042,0.00344689,-0.222846,-0.198679,0.058052,-0.0155794,-0.103563,-0.0782113,0.051794,0.12467,-0.0257143,0.103142,0.00640416,-0.062116,-0.0603506,-0.119869,-0.0596595,0.274331,0.515876,0.332658,0.317986,0.0297244,-0.00063408,0.112872,0.130194,0.172218,-0.191425,-0.0786331,0.0313734,-0.118216,-0.159631,0.0121165,-0.171751,0.0665802,0.238354,0.139762,0.235673,0.120307,0.199563,0.169719,0.291549,0.226755,0.174812,0.164353,0.296443,-0.0734602,-0.00033463,-0.0516902,-0.331788,-0.109874,-0.0460874,-0.0283587,0.0131227,-0.0914453,-0.0730603,0.0457632,-0.0459468,0.0333989,0.098636,0.0127846,0.139093,0.0945767,0.0698518,0.117703,-0.309321,0.024986,-0.21957,-0.182635,0.0013108,0.0781772,-0.148952,-0.096893,-0.180895,-0.146352,0.125613,0.262145,0.127986,0.143785,0.106871,0.152552,0.118528,0.10957,-0.131758,-0.111448,-0.217705,-0.303383,-0.182833,0.00333572,0.189737,-0.0545737,-0.0950293,0.00384202,0.145735,0.0931792
0.203729,-0.22976,-0.128032,-0.153345,0.344346,-0.0987318,0.33335,-0.0401885,0.632602,0.261692,-0.18939,-0.0858624,-0.0603277,0.0200909,0.699849,0.394993,0,0.520806,1.00792,0.515661,0.594539,0.344523,0.65356,0.178586,0.65825,0.324061,0.544813,0.574697,-0.217358,0.0443845,-0.275984,0.235786,0.0859625,0.102459,0.0754768,0.0236173,-0.113796,0.106374,0.078849,0.0897682,0.272688,-0.20402,0.10422,-0.166157,0.162322,-0.0694555,0.166076,0.121103,0.080482,-0.0785956,-0.0853947,0.114536,-0.0262976,-0.149845,-0.0620693,0.0475266,-0.0357685,0.0364652,0.0633232,0.250722,0.104646,0.0731433,0.220415,0.304343,0.265288,0.0956,0.0979924,0.531652,0.305396,0.326811,0.28657,0.317617,0.139352,0.149711,-0.0780149,0.0502957,0.0103235,0.0543043,0.197288,0.050036,0.126902,0.137369,0.322718,0.194672,0.282156,0.229117,0.300918,0.0329476,0.113339,0.244752,-0.00829754,0.0657866,-0.114282,0.0211502,-0.0536667,-0.171416,-0.2095,-0.103267,-0.228618,0.360318,0.362058,0.358338,0.292918,-0.079652,0.0108158,-0.340259,-0.0429545,0.0784272,0.0370374,-0.230414,0.062116,-0.00351106,0.102055,0.181459,-0.149281,-0.0770835,0.0602632,0.178638,0.108248,0.0508539,0.331425,0.226349,0.011635,-0.20903,-0.245611,0.025476,-0.0215701,-0.23659,-0.370853,-0.0489568,0.223908,-0.103125,-0.0211918,-0.117109,-0.206928,0.0993072
-0.0434385,-0.184038,-0.0476618,0.0390816,0.0866059,-0.00607237,0.127395,0.0735954,0.108299,0.28208,-0.0580314,0.0110329,-0.00822197,0.125466,0.201212,0.381631,0.520806,0,0.499731,0.772961,0.223024,0.34136,0.286058,0.262664,0.341655,0.444511,-0.0765638,0.210343,0.0103203,0.0222146,0.08217,0.170869,-0.0579742,-0.138287,-0.00879398,-0.176666,-0.0599687,-0.0248154,0.0487915,0.0340433,0.087229,-0.129871,0.100372,-0.146383,0.0869844,-0.0708576,-0.0303581,0.0216564,0.15152,0.0374383,0.0509693,0.177981,0.0141852,-0.0606558,-0.00252318,0.0425044,-0.0529113,-0.298427,-0.351498,0.201013,0.17328,-0.0346259,0.0777889,0.141232,0.123588,0.0185454,0.0383487,0.312872,0.0723581,0.279569,0.13589,0.238607,0.03043,0.283259,-0.110521,-0.0244781,0.0331375,0.14803,0.344325,0.160476,0.270116,0.306782,0.527611,0.370333,0.576182,0.284027,0.635504,-0.175783,-0.113008,0.134976,-0.165124,0.0145189,-0.0572104,0.21045,0.192154,-0.145987,-0.10442,-0.247486,-0.11171,0.242231,0.335422,0.137485,0.226816,0.116473,0.0940492,-0.195507,-0.342005,-0.125553,-0.267452,-0.327438,-0.10048,0.0807509,-0.0878285,-0.0525223,-0.182185,-0.0112495,-0.00579063,0.108478,0.0830352,0.217613,0.0838259,-0.0217472,-0.116805,-0.141008,-0.0792458,-0.12733,-0.141678,-0.223738,-0.135592,-0.0305367,0.0471058,0.00028963,0.103613,0.0556282,-0.152807,0.105077
0.036983,-0.183501,-0.0327902,-0.059628,0.341214,0.026843,0.451109,0.173237,0.559966,0.403501,0.00165236,0.191255,-0.10063,0.00948385,0.600682,0.488612,1.00792,0.499731,0,0.768863,0.356809,0.499506,0.673326,0.400907,0.642637,0.373866,0.394484,0.688817,-0.160252,0.0854978,-0.15351,0.078203,0.0387703,-0.0404452,0.105886,0.071231,-0.0292895,0.0914461,0.22891,0.269148,0.246084,0.0357928,0.0517117,-0.145568,0.0794658,-0.0936364,0.144241,0.0460395,-0.0678223,-0.190867,-0.0931045,0.105951,-0.239717,-0.248606,-0.205889,-0.16459,-0.148161,-0.110902,-0.150076,0.268101,0.280018,0.115492,0.200187,0.00834724,-0.0370362,0.0667746,0.048864,0.383284,0.320175,0.212622,0.121037,0.231619,0.0756829,0.162057,-0.081548,0.111725,0.119822,0.0761723,0.237991,0.103206,0.177643,0.167335,0.28999,0.36142,0.438618,0.446577,0.57186,-0.0762705,-0.0186611,0.143234,-0.0807589,-0.111119,-0.184726,0.035309,0.00391549,-0.14259,-0.174645,-0.170088,-0.239243,0.13154,0.118226,0.176754,0.179032,-0.197084,-0.0854592,-0.320321,-0.135555,0.0687756,-0.0413727,-0.265875,0.0113884,-0.0331021,-0.196338,-0.0551486,-0.131507,-0.0779557,-0.0621819,0.136388,0.0908805,0.021578,0.135399,0.0884286,-0.0724866,-0.296159,-0.136222,-0.0765391,-0.15482,-0.210465,-0.306283,0.0800518,0.137801,-0.00766394,-0.289663,-0.106266,-0.133011,0.0297817
-0.172763,-0.135592,0.0768931,0.0614047,0.147909,0.205069,0.315547,0.321683,0.127555,0.384999,0.0793979,0.152798,-0.259777,-0.167132,0.135372,0.471678,0.515661,0.772961,0.768863,0,0.0103468,0.367271,0.473,0.561188,0.362638,0.659506,-0.0868675,0.53726,0.0169666,0.0635476,0.0188271,-0.0575154,-0.196888,-0.2206,0.0307024,-0.00434652,0.0643275,-0.061917,0.212012,0.14544,0.0401479,0.0695289,-0.084693,-0.133216,-0.0713111,-0.0675199,0.193374,0.166665,-0.219171,-0.0348191,0.187547,-0.099325,-0.111611,-0.158648,-0.0812212,-0.100175,-0.0430858,-0.25658,-0.222434,0.111026,0.357953,-0.16047,-0.0435952,-0.10229,-0.13143,0.180752,0.175857,0.0704811,0.132865,0.0143467,-0.0923906,-0.0502563,-0.0661064,0.223357,-0.0701402,0.143345,0.18145,0.140902,0.317427,0.176679,0.332888,0.264239,0.380616,0.479923,0.551526,0.469618,0.785339,-0.0288523,0.054938,0.0898715,-0.197146,-0.0302509,0.00868256,-0.0852885,-0.0312887,-0.25863,-0.192515,-0.0643741,0.00294412,-0.0820201,0.0194349,-0.124633,0.0597678,-0.092441,-0.00954336,-0.27081,-0.170387,0.207652,-0.214813,-0.204582,-0.169947,-0.100217,-0.071259,0.0698069,0.0443297,0.147224,-0.116992,0.198891,0.187057,0.132125,0.198531,0.101594,-0.00934348,-0.14904,-0.249242,-0.120057,-0.138963,-0.106151,-0.204627,0.0832374,0.163889,-0.071028,-0.220814,-0.0557652,-0.0138051,0.0624012
0.404982,-0.160675,-0.385676,-0.337826,0.296296,-0.164154,0.240799,-0.119838,0.473345,0.101086,-0.483815,-0.280386,-0.150279,-0.0357305,0.409991,0.0645159,0.594539,0.223024,0.356809,0.0103468,0,0.63065,0.539206,0.112412,0.502007,0.225851,0.677693,0.254747,0.0463638,-0.0308794,-0.0210759,0.325972,-0.0332555,0.0993872,-0.112674,0.0627802,-0.352594,-0.0754911,-0.143135,-0.0557598,0.531857,0.00222194,0.440662,0.216176,0.34339,0.239523,0.101032,0.0498496,0.456082,-0.23725,-0.226876,0.548017,0.182298,-0.191438,-0.104651,0.392633,0.328532,0.0339871,-0.00842459,0.261461,-0.0342033,0.304161,0.233347,0.540239,0.373171,0.104561,0.01214,0.58563,0.263215,0.590514,0.340182,0.364346,0.296178,0.151931,0.166133,-0.361478,-0.424003,-0.23839,-0.119743,-0.215952,-0.194485,-0.207539,0.0562498,-0.0915791,0.0183678,-0.161923,-0.0505644,-0.00051449,0.0638575,0.173892,0.194303,0.321355,-0.0281727,-0.0753292,-0.105492,-0.195985,-0.212022,-0.219252,-0.273309,0.534342,0.322036,0.190055,-0.124607,-0.187199,-0.0841721,-0.110653,0.238913,-0.12467,0.228987,-0.142094,0.0539488,0.107797,0.122395,0.150251,-0.207904,-0.181993,-0.017664,-0.251257,-0.09107,-0.145911,0.112047,-0.0642985,-0.127881,-0.269541,0.0464827,-0.0100108,0.163371,-0.124808,-0.208495,-0.196324,-0.0395088,-0.0901244,0.232482,0.178792,0.0792132,0.346495
0.119777,-0.0802578,-0.404957,-0.396405,0.254816,0.0648513,0.322272,0.213018,0.315538,0.286627,-0.313698,-0.0308757,-0.277699,-0.142746,0.132375,0.200311,0.344523,0.34136,0.499506,0.367271,0.63065,0,0.527631,0.419572,0.415823,0.286831,0.289475,0.552231,-0.0172256,-0.0767283,0.197742,0.0832405,-0.257414,-0.206381,0.0817123,0.0413474,-0.335505,-0.268824,0.00506618,-0.0939184,0.240364,0.090661,0.346927,0.187351,0.144977,0.0759593,0.184133,0.129948,0.124507,-0.317908,-0.104608,0.350673,-0.116216,-0.352496,-0.306477,0.0195502,0.112617,0.0358028,-0.00439166,0.23123,0.225076,0.142682,0.0612113,0.121273,0.0129825,0.15261,0.12598,0.586922,0.396457,0.416126,0.0968519,0.283838,0.150773,0.262549,0.169001,-0.305562,-0.264058,-0.416834,-0.258953,-0.219557,-0.224861,-0.332185,-0.0372352,-0.0636367,0.0688292,-0.0407183,0.0651737,-0.0439638,0.1016,0.180695,0.121933,0.1595,-0.0108847,0.00168344,0.0239081,-0.175864,-0.117402,-0.143886,-0.198579,0.222942,0.0892161,-0.0009377,-0.220652,-0.175998,-0.0139079,-0.265993,0.142146,0.0134506,0.0778466,-0.153493,-0.0994612,0.0421005,-0.0728119,-0.0757346,-0.00247277,0.117317,-0.275842,-0.0703769,-0.0702451,-0.0325368,0.166439,0.0584484,-0.270112,-0.422821,0.00416501,0.0516572,0.0901164,0.0378936,-0.0518039,0.00444174,-0.00330436,0.136767,-0.122045,0.00269149,0.153007,0.268728
0.437871,-0.287959,-0.272542,-0.357905,0.816459,-0.0105022,1.01508,0.265032,0.739786,0.164584,-0.038341,-0.0330714,-0.205751,-0.170472,0.641876,0.38424,0.65356,0.286058,0.673326,0.473,0.539206,0.527631,0,0.615995,0.867196,0.517513,0.251101,0.427942,0.0260138,0.26745,0.10618,0.139427,-0.156816,0.084944,0.0946199,0.228923,-0.211371,-0.185102,0.540228,0.233515,0.887286,0.311455,0.539022,0.169822,0.2491,0.159414,0.200354,0.110082,-0.0620188,-0.493197,-0.401168,0.158337,0.178769,-0.289742,-0.398276,0.257021,0.362612,0.0165176,0.0622907,0.535167,0.260316,0.32698,0.159248,0.346938,0.225244,0.312387,0.21651,0.346475,0.0324117,0.16404,0.150505,0.195807,0.129462,0.292638,0.322403,-0.0116602,-0.251887,-0.221277,-0.0717207,-0.0882679,-0.0517769,0.0199406,0.330396,0.0567167,0.128629,0.175872,0.276786,0.0442832,0.124126,0.148776,0.0866331,-0.00828168,-0.327805,-0.306855,-0.433258,-0.516106,-0.647233,-0.297117,-0.396152,0.356474,0.262121,-0.0546225,-0.214049,-0.168427,-0.134714,-0.0846282,0.266459,0.120458,0.246569,-0.074974,0.113292,0.0660636,0.117228,0.0587965,-0.103268,-0.249927,0.288535,0.149888,0.219587,0.0864913,0.284283,0.107443,0.155949,-0.0906881,-0.0543402,-0.0399392,0.0647106,-0.369805,-0.211882,-0.160113,0.0556196,-0.0199502,-0.125765,0.191684,0.130855,0.555001
-0.104448,0.147235,-0.0806852,-0.0730296,0.270343,0.628573,0.468394,0.918581,0.21124,0.534966,0.129164,0.3692,-0.235566,-0.262614,0.288419,0.63735,0.178586,0.262664,0.400907,0.561188,0.112412,0.419572,0.615995,0,0.308596,0.696466,0.0934431,0.354189,0.148195,0.583508,0.262705,0.140856,-0.321179,-0.175709,0.0020591,0.287241,-0.128917,-0.209664,0.329205,0.359361,0.377196,0.830101,0.262129,0.485191,-0.148657,0.0382161,0.186549,0.13805,-0.0626558,-0.315811,0.00834006,0.166051,-0.118208,-0.0888965,-0.242097,0.148892,0.223941,-0.109644,-0.0600512,0.260947,0.76648,0.237786,0.209692,0.0781716,0.0442435,0.302562,0.320458,-0.0353086,-0.143039,0.00929093,0.0207292,-0.0724985,0.0244252,0.200271,0.110228,-0.0392037,0.126134,-0.0314488,0.0464403,-0.148879,0.0543984,-0.0161579,0.0991463,0.175156,0.123316,0.0842882,0.281604,0.0554361,0.0997638,-0.0643057,-0.153566,-0.216012,-0.108468,-0.243402,-0.102526,-0.308331,-0.213774,-0.155937,0.0309884,0.0560254,0.0954458,-0.283745,-0.168096,-0.118208,-0.14246,0.0325288,0.00476291,0.333017,-0.0734557,0.143078,-0.197742,-0.172387,-0.0458236,0.0121234,0.0190485,0.0551856,0.0406921,0.216405,0.254899,0.188037,-0.010076,-0.0784883,0.144547,0.139063,-0.221203,-0.327409,-0.00830615,-0.107398,0.011534,0.084847,0.0665929,-0.203331,-0.25823,0.24589,0.559083,0.361257
0.429428,-0.282287,-0.388923,-0.550866,0.535289,-0.210192,0.926579,0.146036,0.959465,0.422503,-0.10649,0.00218466,-0.240569,-0.150596,0.443988,0.217758,0.65825,0.341655,0.642637,0.362638,0.502007,0.415823,0.867196,0.308596,0,0.50678,0.212346,0.271637,-0.0338851,0.218269,0.120569,0.371338,-0.181021,-0.0612324,0.189908,0.0389496,-0.260182,-0.00509948,0.444947,0.19709,0.640196,-0.0574012,0.601799,-0.0139699,0.283352,0.0385112,0.113549,0.00079524,0.107437,-0.528439,-0.436767,0.152316,-0.0224873,-0.396307,-0.437507,0.135548,0.065072,0.0827727,-0.0198615,0.522052,0.219144,0.145355,0.219906,0.325652,0.281998,0.122953,0.0727966,0.523198,0.136786,0.434421,0.481245,0.503075,0.306954,0.244284,0.188186,-0.0416504,-0.230745,-0.375618,-0.226453,-0.0533013,-0.0643596,-0.20312,0.0191586,-0.172897,-0.0446848,0.118046,0.195793,0.064267,0.0631482,0.118187,-0.0146033,0.0496776,-0.351764,-0.130887,-0.200351,-0.193536,-0.292753,-0.319173,-0.432779,0.403224,0.29946,0.108809,-0.0234476,-0.137415,0.00134763,-0.0941731,0.0840729,-0.0861686,0.160904,-0.213136,0.0667673,0.0319954,-0.0141674,0.0807865,-0.0913376,-0.166856,0.215368,0.0923315,0.149438,0.0831922,0.264403,0.116056,0.0782782,-0.0972934,-0.0136287,-0.0833145,-0.0380458,-0.388211,-0.323069,-0.0482377,0.102531,-0.00945073,-0.00586279,-0.0244571,-0.115533,0.473367
0.0286867,0.195549,-0.00572485,-0.0397158,0.0844119,0.458334,0.347086,0.611619,0.215616,0.599293,0.103036,0.292268,-0.168259,-0.146961,0.132393,0.305284,0.324061,0.444511,0.373866,0.659506,0.225851,0.286831,0.517513,0.696466,0.50678,0,0.0745896,0.440485,0.230603,0.370937,0.181104,0.295962,-0.262108,-0.0722208,-0.120387,0.173534,-0.0396451,0.0579055,0.261571,0.461111,0.238761,0.338824,0.134491,0.274091,0.0773894,0.158489,0.0346786,-0.0602923,0.023558,-0.244971,-0.00490131,0.108389,-0.0266265,-0.0466618,-0.131067,0.0515775,-0.0251099,-0.103717,-0.219175,0.348557,0.619172,-0.0817782,-0.0676617,0.0552742,0.0799745,0.0436014,0.0019882,0.0560377,0.0314282,0.204555,0.114708,0.00465947,0.00590001,0.172809,0.0424435,0.0807071,0.18881,-0.0247624,0.121375,0.0171774,0.223405,0.155014,0.103583,0.175495,0.0993857,0.156302,0.343356,-0.103448,-0.0828777,-0.0319478,-0.107963,-0.151039,-0.208409,-0.148477,-0.039698,-0.310357,-0.198606,-0.228926,-0.0331152,-0.00882699,0.0770169,-0.16239,0.040836,0.00175519,-0.0524428,-0.138264,-0.124569,0.0942809,-0.0659766,0.0883634,-0.227827,-0.242362,-0.141327,-0.0291,-0.150775,-0.0826969,-0.0160648,0.0407389,0.224233,0.0419411,0.0400419,-0.125617,0.0541528,0.0166045,-0.168955,-0.335062,-0.179223,-0.312623,-0.215786,-0.061654,-0.042943,-0.168556,-0.0973986,0.241061,0.193938,0.142815
0.144586,0.160007,-0.0940849,-0.0516182,0.100807,0.115496,-0.0162959,-0.0106096,0.368126,0.23433,-0.259307,0.0199225,-0.0457273,0.00705727,0.469452,0.136078,0.544813,-0.0765638,0.394484,-0.0868675,0.677693,0.289475,0.251101,0.0934431,0.212346,0.0745896,0,0.44218,0.0129912,-0.0151477,-0.19217,0.217277,0.113601,0.182622,-0.100444,0.184986,-0.104793,0.151512,-0.197517,0.197535,0.150445,0.0248391,0.0166932,0.153566,0.0351163,-0.0618134,0.171533,0.0367674,0.399118,-0.0742529,-0.0386596,0.261356,-0.00626487,0.0699522,0.0894684,0.0905252,0.0272157,0.126174,0.116416,0.123302,0.119808,0.264224,0.278758,0.207491,0.117428,0.0322723,0.00956403,0.305978,0.359219,0.273025,0.192295,0.176991,0.148507,-0.0729017,0.0135919,-0.0878546,0.072623,-0.055949,0.0254667,-0.22939,-0.132382,-0.184994,-0.0846901,0.0329354,-0.0421498,-0.124238,-0.14549,-0.0104983,0.0342263,-0.0415517,-0.0316939,-0.00104653,-0.0800492,-0.12153,-0.0480789,0.00938014,0.0184716,-0.0291541,-0.0833783,0.255098,0.133304,0.216049,0.0813976,-0.209279,-0.0661008,-0.201556,0.0854171,0.18885,0.0924512,0.0320706,-0.0698843,-0.135272,-0.022956,0.0699918,-0.229745,-0.170266,-0.0879033,-0.0155257,-0.0370904,-0.212847,0.0102751,0.0486144,-0.0369328,-0.202088,-0.134996,-0.0540446,0.0347285,-0.039273,-0.200814,-0.0449563,-0.0345946,-0.157558,0.0824554,-0.00384,0.0422745,-0.0476842
-0.0403371,0.106991,-0.00589154,-0.036257,0.0786965,0.24081,0.18857,0.229596,0.269658,0.350861,0.0844348,0.157923,-0.145771,-0.0585337,0.173586,0.305047,0.574697,0.210343,0.688817,0.53726,0.254747,0.552231,0.427942,0.354189,0.271637,0.440485,0.44218,0,-0.143626,-0.139425,-0.171587,-0.131584,-0.0346654,-0.0857482,0.0187627,0.0800749,0.0648308,-0.0665846,0.145636,0.236417,-0.017441,0.103064,-0.103714,0.0807258,-0.0181409,0.0295349,0.275073,0.132529,-0.0523124,-0.0246398,0.0943002,-0.0058638,-0.163878,-0.116916,-0.0812817,-0.274222,-0.221284,-0.00366876,0.0161117,0.160184,0.346756,-0.162536,-0.0501603,-0.238721,-0.299499,0.105491,0.044575,0.280399,0.553766,-0.0100639,-0.25782,-0.0709987,-0.125773,0.130575,0.0839482,0.169412,0.176024,-0.0317561,0.0630865,0.118837,0.0967069,0.0900213,0.127895,0.245694,0.151651,0.222412,0.163259,0.0105294,0.12486,0.104144,0.029789,-0.0246937,-0.129714,-0.0729346,-0.0244964,-0.194462,-0.102184,-0.138532,-0.10061,-0.126752,-0.0497056,-0.0468894,0.0716108,-0.117672,0.0255256,-0.512378,-0.00557116,0.196664,-0.044348,-0.0802584,-0.0335753,-0.12768,-0.218847,-0.151688,-0.141346,-0.0599663,-0.423332,0.0510104,-0.0761503,-0.115729,0.119786,0.1058,-0.274176,-0.481605,-0.119661,0.0655124,-0.101458,-0.118868,-0.311331,-0.012119,0.0538391,-0.0186882,-0.332597,-0.206648,0.0980691,-0.11144
0.00399931,0.246464,0.078206,-0.00578502,-0.0940596,0.277189,-0.0230282,0.267278,-0.222289,-0.0165831,0.194201,0.0446237,-0.134917,-0.216335,-0.00819788,-0.0236092,-0.217358,0.0103203,-0.160252,0.0169666,0.0463638,-0.0172256,0.0260138,0.148195,-0.0338851,0.230603,0.0129912,-0.143626,0,0.0598418,0.265301,-0.0625688,0.0284087,0.0373414,-0.117321,0.155908,0.272547,0.00854295,0.0809154,0.0819515,0.0553928,0.315266,-0.0457774,0.263605,-0.0358883,0.0529766,0.0667283,0.0564236,0.137771,-0.114418,-0.0648368,-0.0164799,0.0447361,0.177502,-0.0684899,0.144205,0.111964,-0.096552,-0.113621,0.0224479,0.139243,0.17354,0.092426,0.079038,0.0307897,0.136592,0.112609,-0.104177,-0.117083,-0.0159013,-0.0567899,-0.161136,-0.1066,-0.05434,-0.0925639,-0.0257734,0.0812424,0.185623,0.0869117,0.098638,0.0395379,0.0912998,-0.0891969,0.0937229,-0.0477387,0.0518779,0.0306487,-0.0190015,-0.0767079,-0.132879,-0.00466406,-0.0991164,-0.0322473,-0.117198,-0.0126169,-0.0150381,0.0403794,0.118305,0.15096,0.0688288,0.101366,-0.0752569,0.0696872,-0.00975376,-0.0764167,-0.00206034,-0.0504321,-0.0103457,0.0303529,0.0374587,-0.330943,-0.339797,-0.038821,0.0408726,-0.0945928,-0.265478,-0.0906356,-0.249026,-0.0848415,-0.132438,-0.0750032,-0.0969361,0.109098,0.0163146,-0.0989624,-0.396102,-0.119701,-0.091167,-0.0542584,-0.17312,-0.0532713,-0.165891,0.104284,0.229088,0.329155,0.0419325
0.084112,0.201297,-0.0948561,-0.0511373,0.117397,0.273169,0.326227,0.53027,0.174091,0.260096,0.0838708,0.288795,0.152645,-0.00467846,0.208382,0.337675,0.0443845,0.0222146,0.0854978,0.0635476,-0.0308794,-0.0767283,0.26745,0.583508,0.218269,0.370937,-0.0151477,-0.139425,0.0598418,0,0.265754,0.670319,-0.0242778,0.136884,-0.0162755,0.333794,-0.0970524,-0.00595373,0.37716,0.23622,0.307394,0.458354,0.275191,0.35566,-0.012072,0.0501536,-0.13089,-0.175049,0.0213634,-0.447796,-0.334399,0.259311,0.00496143,0.118138,-0.220556,0.252932,0.0507437,0.0296617,-0.106975,0.248046,0.379624,0.355066,0.58377,0.225614,0.338993,0.0159223,0.018091,-0.155142,-0.347033,0.224786,0.527372,0.117516,0.21168,0.107053,0.0450049,-0.0691845,0.0617552,-0.000862,0.0443648,-0.197568,-0.0372164,-0.0144494,0.0468645,0.0193595,0.0322863,0.0639728,0.214984,-0.025384,-0.0971655,-0.155887,-0.161756,-0.197083,-0.0891155,-0.211809,-0.179778,-0.26951,-0.273029,-0.105043,-0.0628407,0.169588,0.219114,-0.0342379,0.0690502,0.0259239,-0.0361488,0.210024,-0.0855942,0.196331,-0.0574888,0.0654094,-0.17147,-0.19494,0.00932794,0.0220214,-0.0538477,-0.0384887,0.294684,0.273317,0.432915,0.371127,0.00885299,0.0538785,0.36479,0.459504,-0.248541,-0.407997,-0.117608,-0.261642,-0.0566767,0.100259,0.300046,-0.188367,0.0693825,0.17635,0.342685,0.272157
